TYPE EnvironmentControl
RENDERER GeneralA LAYER 1
RENDERER GeneralA LAYER 2
RENDERER EnvironmentControlFan
TILEBLOCK Circle
BUILDABLE INSIDE OUTSIDE
REQUIRES FOUNDATION 1
COST ENERGY 8 METAL 2 TIME 10
WINDBLOCK 5
SOUND EnvironmentControl VOLUME 0.20

BEGIN SHADOW
Q  0.000 -0.198 0  0.140 -0.140 0  0.130 -0.130 0.26  0.000 -0.183 0.26
Q  0.140 -0.140 0  0.198  0.000 0  0.183  0.000 0.26  0.130 -0.130 0.26
Q  0.198  0.000 0  0.140  0.140 0  0.130  0.130 0.26  0.183  0.000 0.26
Q  0.140  0.140 0  0.000  0.198 0  0.000  0.183 0.26  0.130  0.130 0.26
Q  0.000 -0.198 0 -0.140 -0.140 0 -0.130 -0.130 0.26  0.000 -0.183 0.26
Q -0.140 -0.140 0 -0.198  0.000 0 -0.183  0.000 0.26 -0.130 -0.130 0.26
Q -0.198  0.000 0 -0.140  0.140 0 -0.130  0.130 0.26 -0.183  0.000 0.26
Q -0.140  0.140 0 -0.000  0.198 0 -0.000  0.183 0.26 -0.130  0.130 0.26
Q  0.000 -0.183 0.26  0.130 -0.130 0.26  0.094 -0.094 0.5  0.000 -0.132 0.5
Q  0.130 -0.130 0.26  0.183  0.000 0.26  0.132  0.000 0.5  0.094 -0.094 0.5
Q  0.183  0.000 0.26  0.130  0.130 0.26  0.094  0.094 0.5  0.132  0.000 0.5
Q  0.130  0.130 0.26  0.000  0.183 0.26  0.000  0.132 0.5  0.094  0.094 0.5
Q  0.000 -0.183 0.26 -0.130 -0.130 0.26 -0.094 -0.094 0.5  0.000 -0.132 0.5
Q -0.130 -0.130 0.26 -0.183  0.000 0.26 -0.132  0.000 0.5 -0.094 -0.094 0.5
Q -0.183  0.000 0.26 -0.130  0.130 0.26 -0.094  0.094 0.5 -0.132  0.000 0.5
Q -0.130  0.130 0.26 -0.000  0.198 0.26 -0.000  0.132 0.5 -0.094  0.094 0.5
Q  0.000 -0.132 0.5  0.094 -0.094 0.5  0.094 -0.094 0.8  0.000 -0.132 0.8
Q  0.094 -0.094 0.5  0.132  0.000 0.5  0.132  0.000 0.8  0.094 -0.094 0.8
Q  0.132  0.000 0.5  0.094  0.094 0.5  0.094  0.094 0.8  0.132  0.000 0.8
Q  0.094  0.094 0.5  0.000  0.132 0.5  0.000  0.132 0.8  0.094  0.094 0.8
Q  0.000 -0.132 0.5 -0.094 -0.094 0.5 -0.094 -0.094 0.8  0.000 -0.132 0.8
Q -0.094 -0.094 0.5 -0.132  0.000 0.5 -0.132  0.000 0.8 -0.094 -0.094 0.8
Q -0.132  0.000 0.5 -0.094  0.094 0.5 -0.094  0.094 0.8 -0.132  0.000 0.8
Q -0.094  0.094 0.5 -0.000  0.132 0.5 -0.000  0.132 0.8 -0.094  0.094 0.8
Q  0.000 -0.132 0.8  0.094 -0.094 0.8  0.130 -0.130 1.11  0.000 -0.183 1.11
Q  0.094 -0.094 0.8  0.132  0.000 0.8  0.183  0.000 1.11  0.130 -0.130 1.11
Q  0.132  0.000 0.8  0.094  0.094 0.8  0.130  0.130 1.11  0.183  0.000 1.11
Q  0.094  0.094 0.8  0.000  0.132 0.8  0.000  0.183 1.11  0.130  0.130 1.11
Q  0.000 -0.132 0.8 -0.094 -0.094 0.8 -0.130 -0.130 1.11  0.000 -0.183 1.11
Q -0.094 -0.094 0.8 -0.132  0.000 0.8 -0.183  0.000 1.11 -0.130 -0.130 1.11
Q -0.132  0.000 0.8 -0.094  0.094 0.8 -0.130  0.130 1.11 -0.183  0.000 1.11
Q -0.094  0.094 0.8 -0.000  0.132 0.8 -0.000  0.198 1.11 -0.130  0.130 1.11
Q  0.000 -0.183 1.11  0.065 -0.157 1.11  0.084 -0.178 1.4  0.000 -0.197 1.4
Q  0.065 -0.157 1.11  0.130 -0.130 1.11  0.140 -0.140 1.4  0.084 -0.178 1.4
Q  0.130 -0.130 1.11  0.157 -0.065 1.11  0.178 -0.084 1.4  0.140 -0.140 1.4
Q  0.157 -0.065 1.11  0.183  0.000 1.11  0.197  0.000 1.4  0.178 -0.084 1.4
Q  0.183  0.000 1.11  0.157  0.065 1.11  0.178  0.084 1.4  0.197  0.000 1.4
Q  0.157  0.065 1.11  0.130  0.130 1.11  0.140  0.140 1.4  0.178  0.084 1.4
Q  0.130  0.130 1.11  0.065  0.157 1.11  0.084  0.178 1.4  0.140  0.140 1.4
Q  0.065  0.157 1.11  0.000  0.183 1.11  0.000  0.197 1.4  0.084  0.178 1.4
Q  0.000  0.183 1.11 -0.065  0.157 1.11 -0.084  0.178 1.4  0.000  0.197 1.4
Q -0.065  0.157 1.11 -0.130  0.130 1.11 -0.140  0.140 1.4 -0.084  0.178 1.4
Q -0.130  0.130 1.11 -0.157  0.065 1.11 -0.178  0.084 1.4 -0.140  0.140 1.4
Q -0.157  0.065 1.11 -0.183  0.000 1.11 -0.197  0.000 1.4 -0.178  0.084 1.4
Q -0.183  0.000 1.11 -0.157 -0.065 1.11 -0.178 -0.084 1.4 -0.197  0.000 1.4
Q -0.157 -0.065 1.11 -0.130 -0.130 1.11 -0.140 -0.140 1.4 -0.178 -0.084 1.4
Q -0.130 -0.130 1.11 -0.065 -0.157 1.11 -0.084 -0.178 1.4 -0.140 -0.140 1.4
Q -0.065 -0.157 1.11 -0.000 -0.183 1.11 -0.000 -0.197 1.4 -0.084 -0.178 1.4
END SHADOW