TYPE FoodDispenser
RENDERER FloorB
RENDERER GeneralC
TILEBLOCK SmallCircle
BUILDABLE INSIDE OUTSIDE
OPTIONAL FOUNDATION
COST ENERGY 2 METAL 2 TIME 5
WINDBLOCK 2
CONDUIT ConduitMinor

BEGIN SHADOW 

BEGIN MESH POST
P 1   0.00  0.09 0.14
P 2  -0.06  0.06 0.14
P 3  -0.09  0.00 0.14
P 4  -0.06 -0.06 0.14
P 5   0.00 -0.09 0.14
P 6   0.06 -0.06 0.14
P 7   0.09  0.00 0.14
P 8   0.06  0.06 0.14
P 9   0.00  0.09 0.83
P 10 -0.06  0.06 0.83
P 11 -0.09  0.00 0.83
P 12 -0.06 -0.06 0.83
P 13  0.00 -0.09 0.83
P 14  0.06 -0.06 0.83
P 15  0.09  0.00 0.83
P 16  0.06  0.06 0.83
Q 1 2 10 9
Q 2 3 11 10
Q 3 4 12 11
Q 4 5 13 12
Q 5 6 14 13
Q 6 7 15 14
Q 7 8 16 15
Q 8 1 9 16
END MESH

BEGIN MESH TOP
P 1   0.69  0.69 0.80
P 2   0.65  0.70 0.80
P 3  -0.65  0.70 0.80
P 4  -0.69  0.69 0.80
P 5  -0.70  0.65 0.80
P 6  -0.70 -0.65 0.80
P 7  -0.69 -0.69 0.80
P 8  -0.65 -0.70 0.80
P 9   0.65 -0.70 0.80
P 10  0.69 -0.69 0.80
P 11  0.70 -0.65 0.80
P 12  0.70  0.65 0.80
P 13  0.69  0.69 1.20
P 14  0.65  0.70 1.20
P 15 -0.65  0.70 1.20
P 16 -0.69  0.69 1.20
P 17 -0.70  0.65 1.20
P 18 -0.70 -0.65 1.20
P 19 -0.69 -0.69 1.20
P 20 -0.65 -0.70 1.20
P 21  0.65 -0.70 1.20
P 22  0.69 -0.69 1.20
P 23  0.70 -0.65 1.20
P 24  0.70  0.65 1.20
P 25  0.00  0.00 1.20
Q 1 2 14 13
Q 2 3 15 14
Q 3 4 16 15
Q 4 5 17 16
Q 5 6 18 17
Q 6 7 19 18
Q 7 8 20 19
Q 8 9 21 20
Q 9 10 22 21
Q 10 11 23 22
Q 11 12 24 23
Q 12 13 13 24
T 13 14 25
T 14 15 25
T 15 16 25
T 16 17 25
T 17 18 25
T 18 19 25
T 19 20 25
T 20 21 25
T 21 22 25
T 22 23 25
T 23 24 25
T 24 13 25
END MESH

ADD MESH POST SCALE 0.5
ADD MESH TOP SCALE 0.5
