TYPE HydrogenBurner
RENDERER GeneralB
TILEBLOCK Circle
BUILDABLE OUTSIDE
REQUIRES FOUNDATION 1
COST ENERGY 15 METAL 8 TIME 15
WINDBLOCK 3
REPAIRABLE HOURSTOBREAK 80
SOUND PowerStation VOLUME 0.2

BEGIN SHADOW
BEGIN MESH MAIN
P 1    0.00 -1.40 0.00
P 2    0.27 -1.37 0.00
P 3    0.53 -1.29 0.00
P 4    0.78 -1.17 0.00
P 5    0.99 -0.99 0.00
P 6    1.20 -0.72 0.00
P 7    1.29 -0.53 0.00
P 8    1.37 -0.25 0.00
P 9    1.40  0.00 0.00
P 10   1.37  0.25 0.00
P 11   1.29  0.53 0.00
P 12   1.20  0.72 0.00
P 13   0.99  0.99 0.00
P 14   0.78  1.17 0.00
P 15   0.53  1.29 0.00
P 16   0.27  1.37 0.00
P 17   0.00  1.40 0.00
P 18  -0.27  1.37 0.00
P 19  -0.53  1.29 0.00
P 20  -0.78  1.17 0.00
P 21  -0.99  0.99 0.00
P 22  -1.20  0.72 0.00
P 23  -1.29  0.53 0.00
P 24  -1.37  0.25 0.00
P 25  -1.40  0.00 0.00
P 26  -1.37 -0.25 0.00
P 27  -1.29 -0.53 0.00
P 28  -1.20 -0.72 0.00
P 29  -0.99 -0.99 0.00
P 30  -0.78 -1.17 0.00
P 31  -0.53 -1.29 0.00
P 32  -0.27 -1.37 0.00
P 33   0.00 -1.30 0.43
P 34   0.25 -1.28 0.43
P 35   0.50 -1.20 0.43
P 36   0.72 -1.08 0.43
P 37   0.92 -0.92 0.43
P 38   1.08 -0.72 0.43
P 39   1.20 -0.50 0.43
P 40   1.28 -0.25 0.43
P 41   1.30  0.00 0.43
P 42   1.28  0.25 0.43
P 43   1.20  0.50 0.43
P 44   1.08  0.72 0.43
P 45   0.92  0.92 0.43
P 46   0.72  1.08 0.43
P 47   0.50  1.20 0.43
P 48   0.25  1.28 0.43
P 49   0.00  1.30 0.43
P 50  -0.25  1.28 0.43
P 51  -0.50  1.20 0.43
P 52  -0.72  1.08 0.43
P 53  -0.92  0.92 0.43
P 54  -0.08  0.72 0.43
P 55  -0.20  0.50 0.43
P 56  -0.28  0.25 0.43
P 57  -0.30  0.00 0.43
P 58  -0.28 -0.25 0.43
P 59  -0.20 -0.50 0.43
P 60  -0.08 -0.72 0.43
P 61  -0.92 -0.92 0.43
P 62  -0.72 -1.08 0.43
P 63  -0.50 -1.20 0.43
P 64  -0.25 -1.28 0.43
P 65   0.00  0.00 0.43

P 66   0.00 -0.94 0.43
P 67   0.36 -0.86 0.43
P 68   0.66 -0.66 0.43
P 69   0.86 -0.36 0.43
P 70   0.94  0.00 0.43
P 71   0.86  0.36 0.43
P 72   0.66  0.66 0.43
P 73   0.36  0.86 0.43
P 74   0.00  0.94 0.43
P 75  -0.36  0.86 0.43
P 76  -0.66  0.66 0.43
P 77  -0.86  0.36 0.43
P 78  -0.94  0.00 0.43
P 79  -0.86 -0.36 0.43
P 80  -0.66 -0.66 0.43
P 81  -0.36 -0.86 0.43

P 82   0.00 -0.94 1.10
P 83   0.36 -0.86 1.10
P 84   0.66 -0.66 1.10
P 85   0.86 -0.36 1.10
P 86   0.94  0.00 1.10
P 87   0.86  0.36 1.10
P 88   0.66  0.66 1.10
P 89   0.36  0.86 1.10
P 90   0.00  0.94 1.10
P 91  -0.36  0.86 1.10
P 92  -0.66  0.66 1.10
P 93  -0.86  0.36 1.10
P 94  -0.94  0.00 1.10
P 95  -0.86 -0.36 1.10
P 96  -0.66 -0.66 1.10
P 97  -0.36 -0.86 1.10

P 98   0.00 -0.84 1.76
P 99   0.32 -0.77 1.76
P 100  0.59 -0.59 1.76
P 101  0.77 -0.32 1.76
P 102  0.84  0.00 1.76
P 103  0.77  0.32 1.76
P 104  0.59  0.59 1.76
P 105  0.32  0.77 1.76
P 106  0.00  0.84 1.76
P 107 -0.33  0.77 1.76
P 108 -0.59  0.59 1.76
P 109 -0.77  0.32 1.76
P 110 -0.84  0.00 1.76
P 111 -0.77 -0.32 1.76
P 112 -0.59 -0.59 1.76
P 113 -0.30 -0.77 1.76

# Pipes
P 114  0.85 -0.85 0.43
P 115  0.85 -0.85 0.77
P 116  0.80 -0.80 0.93
P 117  0.73 -0.73 1.04
P 118  0.63 -0.63 1.07
P 119 -0.85  0.85 0.43
P 120 -0.85  0.85 0.77
P 121 -0.80  0.80 0.93
P 122 -0.73  0.73 1.04
P 123 -0.63  0.63 1.07
P 124  0.00  0.00 0.43

Q 1 2 34 33
Q 2 3 35 34
Q 3 4 36 35
Q 4 5 37 36
Q 5 6 38 37
Q 6 7 39 38
Q 7 8 40 39
Q 8 9 41 40
Q 9 10 42 41
Q 10 11 43 42
Q 11 12 44 43
Q 12 13 45 44
Q 13 14 46 45
Q 14 15 47 46
Q 15 16 48 47
Q 16 17 49 48
Q 17 18 50 49
Q 18 19 51 50
Q 19 20 52 51
Q 20 21 53 52
Q 21 22 54 53
Q 22 23 55 54
Q 23 24 56 55
Q 24 25 57 56
Q 25 26 58 57
Q 26 27 59 58
Q 27 28 60 59
Q 28 29 61 60
Q 29 30 62 61
Q 30 31 63 62
Q 31 32 64 63
Q 32 1 33 64

T 33 34 65
T 34 35 65
T 35 36 65
T 36 37 65
T 37 38 65
T 38 39 65
T 39 40 65
T 40 41 65
T 41 42 65
T 42 43 65
T 43 44 65
T 44 45 65
T 45 46 65
T 46 47 65
T 47 48 65
T 48 49 65
T 49 50 65
T 50 51 65
T 51 52 65
T 52 53 65
T 53 54 65
T 54 55 65
T 55 56 65
T 56 57 65
T 57 58 65
T 58 59 65
T 59 60 65
T 60 61 65
T 61 62 65
T 62 63 65
T 63 64 65
T 64 33 65

Q 66 67 83 82
Q 67 68 84 83
Q 68 69 85 84
Q 69 70 86 85
Q 70 71 87 86
Q 71 72 88 87
Q 72 73 89 88
Q 73 74 90 89
Q 74 75 91 90
Q 75 76 92 91
Q 76 77 93 92
Q 77 78 94 93
Q 78 79 95 94
Q 79 80 96 95
Q 80 81 97 96
Q 81 66 82 97

Q 82 83 99 98
Q 83 84 100 99
Q 84 85 101 100
Q 85 86 102 101
Q 86 87 103 102
Q 87 88 104 103
Q 88 89 105 104
Q 89 90 106 105
Q 90 91 107 106
Q 91 92 108 107
Q 92 93 109 108
Q 93 94 110 109
Q 94 95 111 110
Q 95 96 112 111
Q 96 97 113 112
Q 97 82 98 113

# Pipes
T 114 115 124
T 115 116 124
T 116 117 124
T 117 118 124
T 119 120 124
T 120 121 124
T 121 122 124
T 122 123 124

END MESH
ADD MESH MAIN SCALE 0.5 OFFSET -0.04 0.04 0.0
END SHADOW

BEGIN SMOKE
SET SCALE 0.5
SET RATE 0.1
SET ORIGIN  0.87 -0.11 1.6
END SMOKE
BEGIN SMOKE
SET SCALE 0.5
SET RATE 0.1
SET ORIGIN  0.88  0.00 1.6
END SMOKE
BEGIN SMOKE
SET SCALE 0.5
SET RATE 0.1
SET ORIGIN  0.87  0.11 1.6
END SMOKE

BEGIN SMOKE
SET SCALE 0.5
SET RATE 0.1
SET ORIGIN  0.11 -0.87 1.6
END SMOKE
BEGIN SMOKE
SET SCALE 0.5
SET RATE 0.1
SET ORIGIN  0.00 -0.88 1.6
END SMOKE
BEGIN SMOKE
SET SCALE 0.5
SET RATE 0.1
SET ORIGIN -0.11 -0.87 1.6
END SMOKE

BEGIN SMOKE
SET SCALE 0.5
SET RATE 0.1
SET LAYER 0
SET ORIGIN -0.87  0.11 1.6
END SMOKE
BEGIN SMOKE
SET SCALE 0.5
SET RATE 0.1
SET LAYER 0
SET ORIGIN -0.88  0.00 1.6
END SMOKE
BEGIN SMOKE
SET SCALE 0.5
SET RATE 0.1
SET LAYER 0
SET ORIGIN -0.87 -0.11 1.6
END SMOKE

BEGIN SMOKE
SET SCALE 0.5
SET RATE 0.1
SET LAYER 0
SET ORIGIN -0.11  0.87 1.6
END SMOKE
BEGIN SMOKE
SET SCALE 0.5
SET RATE 0.1
SET LAYER 0
SET ORIGIN  0.00  0.88 1.6
END SMOKE
BEGIN SMOKE
SET SCALE 0.5
SET RATE 0.1
SET LAYER 0
SET ORIGIN  0.11  0.87 1.6
END SMOKE