TYPE LandingPod
RENDERER GeneralA
RENDERER GeneralD
WINDBLOCK 8
TILEBLOCK Circle

BEGIN SHADOW 
BEGIN MESH MESH1
P 1   0.000  0.387 0
P 2   0.148  0.358 0
P 3   0.274  0.274 0
P 4   0.358  0.148 0
P 5   0.387  0.000 0
P 6   0.358 -0.148 0
P 7   0.274 -0.274 0
P 8   0.148 -0.358 0
P 9   0.000 -0.387 0
P 10 -0.148 -0.358 0
P 11 -0.274 -0.274 0
P 12 -0.358 -0.148 0
P 13 -0.387  0.000 0
P 14 -0.358  0.148 0
P 15 -0.274  0.274 0
P 16 -0.148  0.358 0
P 17  0.000  0.313 1.26
P 18  0.120  0.299 1.26
P 19  0.221  0.221 1.26
P 20  0.299  0.120 1.26
P 21  0.313  0.000 1.26
P 22  0.299 -0.120 1.26
P 23  0.221 -0.221 1.26
P 24  0.120 -0.299 1.26
P 25  0.000 -0.313 1.26
P 26 -0.120 -0.299 1.26
P 27 -0.221 -0.221 1.26
P 28 -0.299 -0.120 1.26
P 29 -0.313  0.000 1.26
P 30 -0.299  0.120 1.26
P 31 -0.221  0.221 1.26
P 32 -0.120  0.299 1.26
P 33  0.000  0.225 1.36
P 34  0.086  0.208 1.36
P 35  0.159  0.159 1.36
P 36  0.208  0.086 1.36
P 37  0.225  0.000 1.36
P 38  0.299 -0.120 1.36
P 39  0.159 -0.159 1.36
P 40  0.086 -0.208 1.36
P 41  0.000 -0.225 1.36
P 42 -0.086 -0.208 1.36
P 43 -0.159 -0.159 1.36
P 44 -0.208 -0.086 1.36
P 45 -0.225  0.000 1.36
P 46 -0.208  0.086 1.36
P 47 -0.159  0.159 1.36
P 48 -0.086  0.208 1.36
P 49  0.000  0.000 1.42
T 1 2 17
T 2 17 18
T 2 3 18
T 3 18 19
T 3 4 19
T 4 19 20
T 4 5 20
T 5 20 21
T 5 6 21
T 6 21 22
T 6 7 22
T 7 22 23
T 7 8 23
T 8 23 24
T 8 9 24
T 9 24 25
T 9 10 25
T 10 25 26
T 10 11 26
T 11 26 27
T 11 12 27
T 12 27 28
T 12 13 28
T 13 28 29
T 13 14 29
T 14 29 30
T 14 15 30
T 15 30 31
T 15 16 31
T 16 31 32
T 16 1 32
T 1 32 17
T 17 18 33
T 18 33 34
T 18 19 34
T 19 34 35
T 19 20 35
T 20 35 36
T 20 21 36
T 21 36 37
T 21 22 37
T 22 37 38
T 22 23 38
T 23 38 39
T 23 24 39
T 24 39 40
T 24 25 40
T 25 40 41
T 25 26 41
T 26 41 42
T 26 27 42
T 27 42 43
T 27 28 43
T 28 43 44
T 28 29 44
T 29 44 45
T 29 30 45
T 30 45 46
T 30 31 46
T 31 46 47
T 31 32 47
T 32 47 48
T 32 17 48
T 17 48 33
T 33 34 49
T 34 35 49
T 35 36 49
T 36 37 49
T 37 38 49
T 38 39 49
T 39 40 49
T 40 41 49
T 41 42 49
T 42 43 49
T 43 44 49
T 44 45 49
T 45 46 49
T 46 47 49
T 47 48 49
T 48 17 49
END MESH

ADD MESH MESH1 TYPE Animated

END SHADOW