TYPE Mine
RENDERER GeneralB
TILEBLOCK Circle
BUILDABLE INSIDE OUTSIDE
REQUIRES FOUNDATION 1
COST ENERGY 10 METAL 6 TIME 10
WINDBLOCK 2
REPAIRABLE HOURSTOBREAK 24
SOUND Mine VOLUME 0.5

BEGIN SHADOW

BEGIN MESH MAIN
P 1   1.000  0.000 0.000
P 2   0.981  0.195 0.000
P 3   0.924  0.383 0.000
P 4   0.831  0.556 0.000
P 5   0.707  0.707 0.000
P 6   0.556  0.831 0.000
P 7   0.383  0.924 0.000
P 8   0.195  0.981 0.000
P 9   0.000  1.000 0.000
P 10 -0.195  0.981 0.000
P 11 -0.383  0.924 0.000
P 12 -0.556  0.831 0.000
P 13 -0.707  0.707 0.000
P 14 -0.831  0.556 0.000
P 15 -0.924  0.383 0.000
P 16 -0.981  0.195 0.000
P 17 -1.000  0.000 0.000
P 18 -0.981 -0.195 0.000
P 19 -0.924 -0.383 0.000
P 20 -0.831 -0.556 0.000
P 21 -0.707 -0.707 0.000
P 22 -0.556 -0.831 0.000
P 23 -0.383 -0.924 0.000
P 24 -0.195 -0.981 0.000
P 25  0.000 -1.000 0.000
P 26  0.195 -0.981 0.000
P 27  0.383 -0.924 0.000
P 28  0.556 -0.831 0.000
P 29  0.707 -0.707 0.000
P 30  0.831 -0.556 0.000
P 31  0.924 -0.383 0.000
P 32  0.981 -0.195 0.000
P 33  1.000  0.000 0.625
P 34  0.981  0.195 0.625
P 35  0.924  0.383 0.625
P 36  0.831  0.556 0.625
P 37  0.707  0.707 0.625
P 38  0.556  0.831 0.625
P 39  0.383  0.924 0.625
P 40  0.195  0.981 0.625
P 41  0.000  1.000 0.625
P 42 -0.195  0.981 0.625
P 43 -0.383  0.924 0.625
P 44 -0.556  0.831 0.625
P 45 -0.707  0.707 0.625
P 46 -0.831  0.556 0.625
P 47 -0.924  0.383 0.625
P 48 -0.981  0.195 0.625
P 49 -1.000  0.000 0.625
P 50 -0.981 -0.195 0.625
P 51 -0.924 -0.383 0.625
P 52 -0.831 -0.556 0.625
P 53 -0.707 -0.707 0.625
P 54 -0.556 -0.831 0.625
P 55 -0.383 -0.924 0.625
P 56 -0.195 -0.981 0.625
P 57  0.000 -1.000 0.625
P 58  0.195 -0.981 0.625
P 59  0.383 -0.924 0.625
P 60  0.556 -0.831 0.625
P 61  0.707 -0.707 0.625
P 62  0.831 -0.556 0.625
P 63  0.924 -0.383 0.625
P 64  0.981 -0.195 0.625
P 65  0.000  0.000 0.625
Q 1 2 34 33
Q 2 3 35 34
Q 3 4 36 35
Q 4 5 37 36
Q 5 6 38 37
Q 6 7 39 38
Q 7 8 40 39
Q 8 9 41 40
Q 9 10 42 41
Q 10 11 43 42
Q 11 12 44 43
Q 12 13 45 44
Q 13 14 46 45
Q 14 15 47 46
Q 15 16 48 47
Q 16 17 49 48
Q 17 19 50 49
Q 18 19 51 50
Q 19 20 52 51
Q 20 21 53 52
Q 21 22 54 53
Q 22 23 55 54
Q 23 24 56 55
Q 24 25 57 56
Q 25 26 58 57
Q 26 27 59 58
Q 27 28 60 59
Q 28 29 61 60
Q 29 30 62 61
Q 30 31 63 62
Q 31 32 64 63
Q 32 1 33 64
T 33 34 1
T 34 35 1
T 35 36 1
T 36 37 1
T 37 38 1
T 38 39 1
T 39 40 1
T 40 41 1
T 41 42 1
T 42 43 1
T 43 44 1
T 44 45 1
T 45 46 1
T 46 47 1
T 47 48 1
T 48 49 1
T 49 50 1
T 50 51 1
T 51 52 1
T 52 53 1
T 53 54 1
T 54 55 1
T 55 56 1
T 56 57 1
T 57 58 1
T 58 59 1
T 59 60 1
T 60 61 1
T 61 62 1
T 62 63 1
T 63 64 1
T 64 33 1
END MESH

ADD MESH MAIN SCALE 0.707

END SHADOW