TYPE MushFactory
RENDERER GeneralB
TILEBLOCK SmallCircle
BUILDABLE INSIDE OUTSIDE
REQUIRES FOUNDATION 1
COST ENERGY 4 METAL 4 TIME 8
WINDBLOCK 2
CONDUIT ConduitMinor
REPAIRABLE HOURSTOBREAK 40
TEMPERATURE MIN -10
SOUND MushChurn VOLUME 0.5

BEGIN SHADOW 

BEGIN MESH MAIN
P 1  -0.74  0.00 0.00
P 2  -0.72 -0.14 0.00
P 3  -0.68 -0.28 0.00
P 4  -0.61 -0.41 0.00
P 5  -0.52 -0.52 0.00
P 6  -0.41 -0.61 0.00
P 7  -0.28 -0.68 0.00
P 8  -0.14 -0.72 0.00
P 9   0.00 -0.74 0.00
P 10  0.14 -0.72 0.00
P 11  0.28 -0.68 0.00
P 12  0.41 -0.61 0.00
P 13  0.52 -0.52 0.00
P 14  0.61 -0.41 0.00
P 15  0.68 -0.28 0.00
P 16  0.72 -0.14 0.00
P 17  0.74  0.00 0.00
P 18  0.72  0.14 0.00
P 19  0.68  0.28 0.00
P 20  0.61  0.41 0.00
P 21  0.52  0.52 0.00
P 22  0.41  0.61 0.00
P 23  0.28  0.68 0.00
P 24  0.14  0.72 0.00
P 25  0.00  0.74 0.00
P 26 -0.14  0.72 0.00
P 27 -0.28  0.68 0.00
P 28 -0.41  0.61 0.00
P 29 -0.52  0.52 0.00
P 30 -0.61  0.41 0.00
P 31 -0.68  0.28 0.00
P 32 -0.72  0.14 0.00
P 33 -0.74  0.00 1.50
P 34 -0.72 -0.14 1.50
P 35 -0.68 -0.28 1.50
P 36 -0.61 -0.41 1.50
P 37 -0.52 -0.52 1.50
P 38 -0.41 -0.61 1.50
P 39 -0.28 -0.68 1.50
P 40 -0.14 -0.72 1.50
P 41  0.00 -0.74 1.50
P 42  0.14 -0.72 1.50
P 43  0.28 -0.68 1.50
P 44  0.41 -0.61 1.50
P 45  0.52 -0.52 1.50
P 46  0.61 -0.41 1.50
P 47  0.68 -0.28 1.50
P 48  0.72 -0.14 1.50
P 49  0.74  0.00 1.50
P 50  0.72  0.14 1.50
P 51  0.68  0.28 1.50
P 52  0.61  0.41 1.50
P 53  0.52  0.52 1.50
P 54  0.41  0.61 1.50
P 55  0.28  0.68 1.50
P 56  0.14  0.72 1.50
P 57  0.00  0.74 1.50
P 58 -0.14  0.72 1.50
P 59 -0.28  0.68 1.50
P 60 -0.41  0.61 1.50
P 61 -0.52  0.52 1.50
P 62 -0.61  0.41 1.50
P 63 -0.68  0.28 1.50
P 64 -0.72  0.14 1.50
P 65  0.00  0.00 1.50
Q 1 2 34 33
Q 2 3 35 34
Q 3 4 36 35
Q 4 5 37 36
Q 5 6 38 37
Q 6 7 39 38
Q 7 8 40 39
Q 8 9 41 40
Q 9 10 42 41
Q 10 11 43 42
Q 11 12 44 43
Q 12 13 45 44
Q 13 14 46 45
Q 14 15 47 46
Q 15 16 48 47
Q 16 17 49 48
Q 17 18 50 49
Q 18 19 51 50
Q 19 20 52 51
Q 20 21 53 52
Q 21 22 54 53
Q 22 23 55 54
Q 23 24 56 55
Q 24 25 57 56
Q 25 26 58 57
Q 26 27 59 58
Q 27 28 60 59
Q 28 29 61 60
Q 29 30 62 61
Q 30 31 63 62
Q 31 32 64 63
Q 32 1 33 64
T 33 34 65
T 34 35 65
T 35 36 65
T 36 37 65
T 37 38 65
T 38 39 65
T 39 40 65
T 40 41 65
T 41 42 65
T 42 43 65
T 43 44 65
T 44 45 65
T 45 46 65
T 46 47 65
T 47 48 65
T 48 49 65
T 49 50 65
T 50 51 65
T 51 52 65
T 52 53 65
T 53 54 65
T 54 55 65
T 55 56 65
T 56 57 65
T 57 58 65
T 58 59 65
T 59 60 65
T 60 61 65
T 61 62 65
T 62 63 65
T 63 64 65
T 64 33 65
END MESH

ADD MESH MAIN SCALE 0.5

END SHADOW