TYPE OreScanner
RENDERER GeneralB
TILEBLOCK SmallCircle
BUILDABLE INSIDE OUTSIDE
OPTIONAL FOUNDATION
COST ENERGY 8 METAL 4 STONE 2 TIME 8
WINDBLOCK 2

BEGIN SHADOW 

BEGIN MESH MAIN
P 1  -1.00  0.00 0.00
P 2  -0.92 -0.38 0.00
P 3  -0.71 -0.71 0.00
P 4  -0.38 -0.92 0.00
P 5   0.00 -1.00 0.00
P 6   0.38 -0.92 0.00
P 7   0.71 -0.71 0.00
P 8   0.92 -0.38 0.00
P 9   1.00  0.00 0.00
P 10  0.92  0.38 0.00
P 11  0.71  0.71 0.00
P 12  0.38  0.92 0.00
P 13  0.00  1.00 0.00
P 14 -0.38  0.92 0.00
P 15 -0.71  0.71 0.00
P 16 -0.92  0.38 0.00
P 17 -1.00  0.00 1.04
P 18 -0.92 -0.38 1.04
P 19 -0.71 -0.71 1.04
P 20 -0.38 -0.92 1.04
P 21  0.00 -1.00 1.04
P 22  0.38 -0.92 1.04
P 23  0.71 -0.71 1.04
P 24  0.92 -0.38 1.04
P 25  1.00  0.00 1.04
P 26  0.92  0.38 1.04
P 27  0.71  0.71 1.04
P 28  0.38  0.92 1.04
P 29  0.00  1.00 1.04
P 30 -0.38  0.92 1.04
P 31 -0.71  0.71 1.04
P 32 -0.92  0.38 1.04
P 33  0.00  0.00 1.04
Q 1 2 18 17
Q 2 3 19 18
Q 3 4 20 19
Q 4 5 21 20
Q 5 6 22 21
Q 6 7 23 22
Q 7 8 24 23
Q 8 9 25 24
Q 9 10 26 25
Q 10 11 27 26
Q 11 12 28 27
Q 12 13 29 28
Q 13 14 30 29
Q 14 15 31 30
Q 15 16 32 31
Q 16 1 17 32
T 17 18 33
T 18 19 33
T 19 20 33
T 20 21 33
T 21 22 33
T 22 23 33
T 23 24 33
T 24 25 33
T 25 26 33
T 26 27 33
T 27 28 33
T 28 29 33
T 29 30 33
T 30 31 33
T 31 32 33
T 32 17 33
END MESH

ADD MESH MAIN SCALE 0.5 OFFSET -0.04 0.04 0.0

END SHADOW