TYPE ResourceProcessor
RENDERER GeneralC
TILEBLOCK Circle
BUILDABLE INSIDE OUTSIDE
OPTIONAL FOUNDATION
COST ENERGY 2 METAL 2 TIME 5
WINDBLOCK 5
CONDUIT ConduitMinor
SOUND ResourceProcessor VOLUME 1.00 FADE 0.02

BEGIN SHADOW 

BEGIN MESH MAIN
P 1   0.00  0.77 0.00
P 2   0.29  0.71 0.00
P 3   0.54  0.54 0.00
P 4   0.71  0.29 0.00
P 5   0.77  0.00 0.00
P 6   0.71 -0.29 0.00
P 7   0.54 -0.54 0.00
P 8   0.29 -0.71 0.00
P 9   0.00 -0.77 0.00
P 10 -0.29 -0.71 0.00
P 11 -0.54 -0.54 0.00
P 12 -0.71 -0.29 0.00
P 13 -0.77  0.00 0.00
P 14 -0.71  0.29 0.00
P 15 -0.54  0.54 0.00
P 16 -0.29  0.71 0.00
P 17  0.00  0.87 0.43
P 18  0.33  0.80 0.43
P 19  0.62  0.62 0.43
P 20  0.80  0.33 0.43
P 21  0.87  0.00 0.43
P 22  0.80 -0.33 0.43
P 23  0.62 -0.62 0.43
P 24  0.33 -0.80 0.43
P 25  0.00 -0.87 0.43
P 26 -0.33 -0.80 0.43
P 27 -0.62 -0.62 0.43
P 28 -0.80 -0.33 0.43
P 29 -0.87  0.00 0.43
P 30 -0.80  0.33 0.43
P 31 -0.62  0.62 0.43
P 32 -0.33  0.80 0.43
P 33  0.00  0.98 0.64
P 34  0.38  0.90 0.64
P 35  0.69  0.69 0.64
P 36  0.90  0.38 0.64
P 37  0.98  0.00 0.64
P 38  0.90 -0.38 0.64
P 39  0.69 -0.69 0.64
P 40  0.38 -0.90 0.64
P 41  0.00 -0.98 0.64
P 42 -0.38 -0.90 0.64
P 43 -0.69 -0.69 0.64
P 44 -0.90 -0.38 0.64
P 45 -0.98  0.00 0.64
P 46 -0.90  0.38 0.64
P 47 -0.69  0.69 0.64
P 48 -0.38  0.90 0.64
P 49  0.00  1.20 0.90
P 50  0.46  1.11 0.90
P 51  0.85  0.85 0.90
P 52  1.11  0.46 0.90
P 53  1.20  0.00 0.90
P 54  1.11 -0.46 0.90
P 55  0.85 -0.85 0.90
P 56  0.46 -1.11 0.90
P 57  0.00 -1.20 0.90
P 58 -0.46 -1.11 0.90
P 59 -0.85 -0.85 0.90
P 60 -1.11 -0.46 0.90
P 61 -1.20  0.00 0.90
P 62 -1.11  0.46 0.90
P 63 -0.85  0.85 0.90
P 64 -0.46  1.11 0.90
P 65  0.00  1.20 1.10
P 66  0.46  1.11 1.10
P 67  0.85  0.85 1.10
P 68  1.11  0.46 1.10
P 69  1.20  0.00 1.10
P 70  1.11 -0.46 1.10
P 71  0.85 -0.85 1.10
P 72  0.46 -1.11 1.10
P 73  0.00 -1.20 1.10
P 74 -0.46 -1.11 1.10
P 75 -0.85 -0.85 1.10
P 76 -1.11 -0.46 1.10
P 77 -1.20  0.00 1.10
P 78 -1.11  0.46 1.10
P 79 -0.85  0.85 1.10
P 80 -0.46  1.11 1.10
P 81  0.00  0.00 1.10
Q 1 2 18 17
Q 2 3 19 18
Q 3 4 20 19
Q 4 5 21 20
Q 5 6 22 21
Q 6 7 23 22
Q 7 8 24 23
Q 8 9 25 24
Q 9 10 26 25
Q 10 11 27 26
Q 11 12 28 27
Q 12 13 29 28
Q 13 14 30 29
Q 14 15 31 30
Q 15 16 32 31
Q 16 1 17 32
Q 17 18 34 33
Q 18 19 35 34
Q 19 20 36 35
Q 20 21 37 36
Q 21 22 38 37
Q 22 23 39 38
Q 23 24 40 39
Q 24 25 41 40
Q 25 26 42 41
Q 26 27 43 42
Q 27 28 44 43
Q 28 29 45 44
Q 29 30 46 45
Q 30 31 47 46
Q 31 32 48 47
Q 32 17 33 48
Q 33 34 50 49
Q 34 35 51 50
Q 35 36 52 51
Q 36 37 53 52
Q 37 38 54 53
Q 38 39 55 54
Q 39 40 56 55
Q 40 41 57 56
Q 41 42 58 57
Q 42 43 59 58
Q 43 44 60 59
Q 44 45 61 60
Q 45 46 62 61
Q 46 47 63 62
Q 47 48 64 63
Q 48 33 49 64
Q 49 50 66 65
Q 50 51 67 66
Q 51 52 68 67
Q 52 53 69 68
Q 53 54 70 69
Q 54 55 71 70
Q 55 56 72 71
Q 56 57 73 72
Q 57 58 74 73
Q 58 59 75 74
Q 59 60 76 75
Q 60 61 77 76
Q 61 62 78 77
Q 62 63 79 78
Q 63 64 80 79
Q 64 49 65 80
T 49 50 81
T 50 51 81
T 51 52 81
T 52 53 81
T 53 54 81
T 54 55 81
T 55 56 81
T 56 57 81
T 57 58 81
T 58 59 81
T 59 60 81
T 60 61 81
T 61 62 81
T 62 63 81
T 63 64 81
T 64 49 81
END MESH

ADD MESH MAIN SCALE 0.5

END SHADOW