TYPE WaterStorage
RENDERER FloorB
RENDERER GeneralA
TILEBLOCK Circle
BUILDABLE INSIDE OUTSIDE
REQUIRES FOUNDATION 1
COST ENERGY 4 METAL 4 TIME 5
WINDBLOCK 4

BEGIN SHADOW 

BEGIN MESH TRUNKHIGHDETAIL
P 1   0.000  0.148 0.00
P 2  -0.056  0.135 0.00
P 3  -0.104  0.104 0.00
P 4  -0.135  0.056 0.00
P 5  -0.148  0.000 0.00
P 6  -0.135 -0.056 0.00
P 7  -0.104 -0.104 0.00
P 8  -0.056 -0.135 0.00
P 9   0.000 -0.148 0.00
P 10  0.056 -0.135 0.00
P 11  0.104 -0.104 0.00
P 12  0.135 -0.056 0.00
P 13  0.148  0.000 0.00
P 14  0.135  0.056 0.00
P 15  0.104  0.104 0.00
P 16  0.056  0.135 0.00
P 17  0.000  0.097 0.25
P 18 -0.037  0.090 0.25
P 19 -0.069  0.069 0.25
P 20 -0.090  0.037 0.25
P 21 -0.097  0.000 0.25
P 22 -0.090 -0.037 0.25
P 23 -0.069 -0.069 0.25
P 24 -0.037 -0.090 0.25
P 25  0.000 -0.097 0.25
P 26  0.037 -0.090 0.25
P 27  0.069 -0.069 0.25
P 28  0.090 -0.037 0.25
P 29  0.097  0.000 0.25
P 30  0.090  0.037 0.25
P 31  0.069  0.069 0.25
P 32  0.037  0.090 0.25
P 33  0.000  0.064 0.42
P 34 -0.024  0.059 0.42
P 35 -0.045  0.045 0.42
P 36 -0.059  0.024 0.42
P 37 -0.064  0.000 0.42
P 38 -0.059 -0.024 0.42
P 39 -0.045 -0.045 0.42
P 40 -0.024 -0.059 0.42
P 41  0.000 -0.064 0.42
P 42  0.024 -0.059 0.42
P 43  0.045 -0.045 0.42
P 44  0.059 -0.024 0.42
P 45  0.064  0.000 0.42
P 46  0.059  0.024 0.42
P 47  0.045  0.045 0.42
P 48  0.024  0.059 0.42
P 49  0.000  0.064 0.77
P 50 -0.024  0.059 0.77
P 51 -0.045  0.045 0.77
P 52 -0.059  0.024 0.77
P 53 -0.064  0.000 0.77
P 54 -0.059 -0.024 0.77
P 55 -0.045 -0.045 0.77
P 56 -0.024 -0.059 0.77
P 57  0.000 -0.064 0.77
P 58  0.024 -0.059 0.77
P 59  0.045 -0.045 0.77
P 60  0.059 -0.024 0.77
P 61  0.064  0.000 0.77
P 62  0.059  0.024 0.77
P 63  0.045  0.045 0.77
P 64  0.024  0.059 0.77
Q 1 2 18 17
Q 2 3 19 18
Q 3 4 20 19
Q 4 5 21 20
Q 5 6 22 21
Q 6 7 23 22
Q 7 8 24 23
Q 8 9 25 24
Q 9 10 26 25
Q 10 11 27 26
Q 11 12 28 27
Q 12 13 29 28
Q 13 14 30 29
Q 14 15 31 30
Q 15 16 32 31
Q 16 1 17 32
Q 17 18 34 33
Q 18 19 35 34
Q 19 20 36 35
Q 20 21 37 36
Q 21 22 38 37
Q 22 23 39 38
Q 23 24 40 39
Q 24 25 41 40
Q 25 26 42 41
Q 26 27 43 42
Q 27 28 44 43
Q 28 29 45 44
Q 29 30 46 45
Q 30 31 47 46
Q 31 32 48 47
Q 32 17 33 48
Q 33 34 50 49
Q 34 35 51 50
Q 35 36 52 51
Q 36 37 53 52
Q 37 38 54 53
Q 38 39 55 54
Q 39 40 56 55
Q 40 41 57 56
Q 41 42 58 57
Q 42 43 59 58
Q 43 44 60 59
Q 44 45 61 60
Q 45 46 62 61
Q 46 47 63 62
Q 47 48 64 63
Q 48 33 49 64
END MESH

BEGIN MESH TOPHIGHDETAIL
P 0   0.000  0.000 0.77
P 1  -0.509  0.000 0.99
P 2  -0.500 -0.099 0.99
P 3  -0.471 -0.195 0.99
P 4  -0.424 -0.283 0.99
P 5  -0.360 -0.360 0.99
P 6  -0.283 -0.424 0.99
P 7  -0.195 -0.471 0.99
P 8  -0.099 -0.500 0.99
P 9  -0.000 -0.509 0.99
P 10  0.099 -0.500 0.99
P 11  0.195 -0.471 0.99
P 12  0.283 -0.424 0.99
P 13  0.360 -0.360 0.99
P 14  0.424 -0.283 0.99
P 15  0.471 -0.195 0.99
P 16  0.500 -0.099 0.99
P 17  0.509  0.000 0.99
P 18  0.500  0.099 0.99
P 19  0.471  0.195 0.99
P 20  0.424  0.283 0.99
P 21  0.360  0.360 0.99
P 22  0.283  0.424 0.99
P 23  0.195  0.471 0.99
P 24  0.099  0.500 0.99
P 25  0.000  0.509 0.99
P 26 -0.099  0.500 0.99
P 27 -0.195  0.471 0.99
P 28 -0.283  0.424 0.99
P 29 -0.360  0.360 0.99
P 30 -0.424  0.283 0.99
P 31 -0.471  0.195 0.99
P 32 -0.500  0.099 0.99
P 33 -0.509  0.000 1.24
P 34 -0.500 -0.099 1.24
P 35 -0.471 -0.195 1.24
P 36 -0.424 -0.283 1.24
P 37 -0.360 -0.360 1.24
P 38 -0.283 -0.424 1.24
P 39 -0.195 -0.471 1.24
P 40 -0.099 -0.500 1.24
P 41 -0.000 -0.509 1.24
P 42  0.099 -0.500 1.24
P 43  0.195 -0.471 1.24
P 44  0.283 -0.424 1.24
P 45  0.360 -0.360 1.24
P 46  0.424 -0.283 1.24
P 47  0.471 -0.195 1.24
P 48  0.500 -0.099 1.24
P 49  0.509  0.000 1.24
P 50  0.500  0.099 1.24
P 51  0.471  0.195 1.24
P 52  0.424  0.283 1.24
P 53  0.360  0.360 1.24
P 54  0.283  0.424 1.24
P 55  0.195  0.471 1.24
P 56  0.099  0.500 1.24
P 57  0.000  0.509 1.24
P 58 -0.099  0.500 1.24
P 59 -0.195  0.471 1.24
P 60 -0.283  0.424 1.24
P 61 -0.360  0.360 1.24
P 62 -0.424  0.283 1.24
P 63 -0.471  0.195 1.24
P 64 -0.500  0.099 1.24
T  1  2  0
T  2  3  0
T  3  4  0
T  4  5  0
T  5  6  0
T  6  7  0
T  7  8  0
T  8  9  0
T  9 10  0
T 10 11  0
T 11 12  0
T 12 13  0
T 13 14  0
T 14 15  0
T 15 16  0
T 16 17  0
T 17 18  0
T 18 19  0
T 19 20  0
T 20 21  0
T 21 22  0
T 22 23  0
T 23 24  0
T 24 25  0
T 25 26  0
T 26 27  0
T 27 28  0
T 28 29  0
T 29 30  0
T 30 31  0
T 31 32  0
T 32  1  0
Q  1  2 34 33
Q  2  3 35 34
Q  3  4 36 35
Q  4  5 37 36
Q  5  6 38 37
Q  6  7 39 38
Q  7  8 40 39
Q  8  9 41 40
Q  9 10 42 41
Q 10 11 43 42
Q 11 12 44 43
Q 12 13 45 44
Q 13 14 46 45
Q 14 15 47 46
Q 15 16 48 47
Q 16 17 49 48
Q 17 18 50 49
Q 18 19 51 50
Q 19 20 52 51
Q 20 21 53 52
Q 21 22 54 53
Q 22 23 55 54
Q 23 24 56 55
Q 24 25 57 56
Q 25 26 58 57
Q 26 27 59 58
Q 27 28 60 59
Q 28 29 61 60
Q 29 30 62 61
Q 30 31 63 62
Q 31 32 64 63
Q 32  1 33 64
END MESH

ADD MESH TRUNKHIGHDETAIL OFFSET -0.07 0.07 0.0
ADD MESH TOPHIGHDETAIL OFFSET -0.07 0.07 0.0

END SHADOW
