TYPE WaterDispenser
RENDERER FloorB
RENDERER GeneralC
TILEBLOCK SmallCircle
BUILDABLE INSIDE OUTSIDE
OPTIONAL FOUNDATION
COST ENERGY 2 METAL 2 TIME 5
WINDBLOCK 2
CONDUIT ConduitMinor

BEGIN SHADOW 

BEGIN MESH POST
P 1   0.00  0.09 0.14
P 2  -0.06  0.06 0.14
P 3  -0.09  0.00 0.14
P 4  -0.06 -0.06 0.14
P 5   0.00 -0.09 0.14
P 6   0.06 -0.06 0.14
P 7   0.09  0.00 0.14
P 8   0.06  0.06 0.14
P 9   0.00  0.09 0.83
P 10 -0.06  0.06 0.83
P 11 -0.09  0.00 0.83
P 12 -0.06 -0.06 0.83
P 13  0.00 -0.09 0.83
P 14  0.06 -0.06 0.83
P 15  0.09  0.00 0.83
P 16  0.06  0.06 0.83
Q 1 2 10 9
Q 2 3 11 10
Q 3 4 12 11
Q 4 5 13 12
Q 5 6 14 13
Q 6 7 15 14
Q 7 8 16 15
Q 8 1 9 16
END MESH

BEGIN MESH TOP
P 1   0.00  0.59 0.82
P 2  -0.23  0.54 0.82
P 3  -0.42  0.42 0.82
P 4  -0.54  0.23 0.82
P 5  -0.59  0.00 0.82
P 6  -0.54 -0.23 0.82
P 7  -0.42 -0.42 0.82
P 8  -0.23 -0.54 0.82
P 9   0.00 -0.59 0.82
P 10  0.23 -0.54 0.82
P 11  0.42 -0.42 0.82
P 12  0.54 -0.23 0.82
P 13  0.59  0.00 0.82
P 14  0.54  0.23 0.82
P 15  0.42  0.42 0.82
P 16  0.23  0.54 0.82
P 17  0.00  0.59 1.17
P 18 -0.23  0.54 1.17
P 19 -0.42  0.42 1.17
P 20 -0.54  0.23 1.17
P 21 -0.59  0.00 1.17
P 22 -0.54 -0.23 1.17
P 23 -0.42 -0.42 1.17
P 24 -0.23 -0.54 1.17
P 25  0.00 -0.59 1.17
P 26  0.23 -0.54 1.17
P 27  0.42 -0.42 1.17
P 28  0.54 -0.23 1.17
P 29  0.59  0.00 1.17
P 30  0.54  0.23 1.17
P 31  0.42  0.42 1.17
P 32  0.23  0.54 1.17
P 33  0.00  0.00 1.17
Q 1 2 18 17
Q 2 3 19 18
Q 3 4 20 19
Q 4 5 21 20
Q 5 6 22 21
Q 6 7 23 22
Q 7 8 24 23
Q 8 9 25 24
Q 9 10 26 25
Q 10 11 27 26
Q 11 12 28 27
Q 12 13 29 28
Q 13 14 30 29
Q 14 15 31 30
Q 15 16 32 31
Q 16 1 17 32
T 17 18 33
T 18 19 33
T 19 20 33
T 20 21 33
T 21 22 33
T 22 23 33
T 23 24 33
T 24 25 33
T 25 26 33
T 26 27 33
T 27 28 33
T 28 29 33
T 29 30 33
T 30 31 33
T 31 32 33
T 32 17 33
END MESH

ADD MESH POST SCALE 0.5
ADD MESH TOP SCALE 0.5