TYPE Bush
CLASS Plant
RENDERER PlantsAndRocks
WINDBLOCK 10
SIZE 2 2
CROPTYPE 100

BEGIN SHADOW

SET OFFSET  1.0 0    # Offset from the main tile as the bush occupies 4 tiles

SET FRAME 1
QH  -0.625 -0.625  -0.625  0.625   0.625  0.625   0.625 -0.625  0.03  TEXTURE Bush1
QH  -0.625 -0.625  -0.625  0.625   0.625  0.625   0.625 -0.625  0.07  TEXTURE Bush2
QH  -0.625 -0.625  -0.625  0.625   0.625  0.625   0.625 -0.625  0.14  TEXTURE Bush3
QH  -0.625 -0.625  -0.625  0.625   0.625  0.625   0.625 -0.625  0.21  TEXTURE Bush4
QH  -0.625 -0.625  -0.625  0.625   0.625  0.625   0.625 -0.625  0.28  TEXTURE Bush5
QH  -0.625 -0.625  -0.625  0.625   0.625  0.625   0.625 -0.625  0.35  TEXTURE Bush6

SET FRAME 2
QH  -0.75 -0.75  -0.75  0.75   0.75  0.75   0.75 -0.75  0.03  TEXTURE Bush1
QH  -0.75 -0.75  -0.75  0.75   0.75  0.75   0.75 -0.75  0.07  TEXTURE Bush2
QH  -0.75 -0.75  -0.75  0.75   0.75  0.75   0.75 -0.75  0.15  TEXTURE Bush3
QH  -0.75 -0.75  -0.75  0.75   0.75  0.75   0.75 -0.75  0.23  TEXTURE Bush4
QH  -0.75 -0.75  -0.75  0.75   0.75  0.75   0.75 -0.75  0.31  TEXTURE Bush5
QH  -0.75 -0.75  -0.75  0.75   0.75  0.75   0.75 -0.75  0.39  TEXTURE Bush6

SET FRAME 3
QH  -0.875 -0.875  -0.875  0.875   0.875  0.875   0.875 -0.875  0.04  TEXTURE Bush1
QH  -0.875 -0.875  -0.875  0.875   0.875  0.875   0.875 -0.875  0.07  TEXTURE Bush2
QH  -0.875 -0.875  -0.875  0.875   0.875  0.875   0.875 -0.875  0.16  TEXTURE Bush3
QH  -0.875 -0.875  -0.875  0.875   0.875  0.875   0.875 -0.875  0.25  TEXTURE Bush4
QH  -0.875 -0.875  -0.875  0.875   0.875  0.875   0.875 -0.875  0.34  TEXTURE Bush5
QH  -0.875 -0.875  -0.875  0.875   0.875  0.875   0.875 -0.875  0.43  TEXTURE Bush6

SET FRAME 4
QH  -1 -1  -1  1   1  1   1 -1  0.05  TEXTURE Bush1
QH  -1 -1  -1  1   1  1   1 -1  0.08  TEXTURE Bush2
QH  -1 -1  -1  1   1  1   1 -1  0.18  TEXTURE Bush3
QH  -1 -1  -1  1   1  1   1 -1  0.28  TEXTURE Bush4
QH  -1 -1  -1  1   1  1   1 -1  0.38  TEXTURE Bush5
QH  -1 -1  -1  1   1  1   1 -1  0.48  TEXTURE Bush6

SET FRAME 5
QH  -1.115 -1.115  -1.115  1.115   1.115  1.115   1.115 -1.115  0.06  TEXTURE Bush1
QH  -1.115 -1.115  -1.115  1.115   1.115  1.115   1.115 -1.115  0.10  TEXTURE Bush2
QH  -1.115 -1.115  -1.115  1.115   1.115  1.115   1.115 -1.115  0.21  TEXTURE Bush3
QH  -1.115 -1.115  -1.115  1.115   1.115  1.115   1.115 -1.115  0.33  TEXTURE Bush4
QH  -1.115 -1.115  -1.115  1.115   1.115  1.115   1.115 -1.115  0.44  TEXTURE Bush5
QH  -1.115 -1.115  -1.115  1.115   1.115  1.115   1.115 -1.115  0.55  TEXTURE Bush6

SET FRAME 6
QH  -1.25 -1.25  -1.25  1.25   1.25  1.25   1.25 -1.25  0.06  TEXTURE Bush1
QH  -1.25 -1.25  -1.25  1.25   1.25  1.25   1.25 -1.25  0.10  TEXTURE Bush2
QH  -1.25 -1.25  -1.25  1.25   1.25  1.25   1.25 -1.25  0.22  TEXTURE Bush3
QH  -1.25 -1.25  -1.25  1.25   1.25  1.25   1.25 -1.25  0.34  TEXTURE Bush4
QH  -1.25 -1.25  -1.25  1.25   1.25  1.25   1.25 -1.25  0.46  TEXTURE Bush5
QH  -1.25 -1.25  -1.25  1.25   1.25  1.25   1.25 -1.25  0.58  TEXTURE Bush6

SET FRAME 7
QH  -1.375 -1.375  -1.375  1.375   1.375  1.375   1.375 -1.375  0.07  TEXTURE Bush1
QH  -1.375 -1.375  -1.375  1.375   1.375  1.375   1.375 -1.375  0.12  TEXTURE Bush2
QH  -1.375 -1.375  -1.375  1.375   1.375  1.375   1.375 -1.375  0.25  TEXTURE Bush3
QH  -1.375 -1.375  -1.375  1.375   1.375  1.375   1.375 -1.375  0.38  TEXTURE Bush4
QH  -1.375 -1.375  -1.375  1.375   1.375  1.375   1.375 -1.375  0.51  TEXTURE Bush5
QH  -1.375 -1.375  -1.375  1.375   1.375  1.375   1.375 -1.375  0.64  TEXTURE Bush6

SET FRAME 8 9 10 11 12
QH  -1.5 -1.5  -1.5  1.5   1.5  1.5   1.5 -1.5  0.08  TEXTURE Bush1
QH  -1.5 -1.5  -1.5  1.5   1.5  1.5   1.5 -1.5  0.14  TEXTURE Bush2
QH  -1.5 -1.5  -1.5  1.5   1.5  1.5   1.5 -1.5  0.28  TEXTURE Bush3
QH  -1.5 -1.5  -1.5  1.5   1.5  1.5   1.5 -1.5  0.42  TEXTURE Bush4
QH  -1.5 -1.5  -1.5  1.5   1.5  1.5   1.5 -1.5  0.56  TEXTURE Bush5
QH  -1.5 -1.5  -1.5  1.5   1.5  1.5   1.5 -1.5  0.70  TEXTURE Bush6

END SHADOW