TYPE SmallSpineBush
CLASS Plant
RENDERER PlantsAndRocks
WINDBLOCK 5

BEGIN SHADOW

BEGIN MESH BASELOWDETAIL
P 1   0.000 -1.130 0.00
P 2   0.349 -1.074 0.00
P 3   0.664 -0.914 0.00
P 4   0.914 -0.664 0.00
P 5   1.074 -0.349 0.00
P 6   1.130  0.000 0.00
P 7   1.074  0.349 0.00
P 8   0.914  0.664 0.00
P 9   0.664  0.914 0.00
P 10  0.349  1.074 0.00
P 11  0.000  1.130 0.00
P 12 -0.349  1.074 0.00
P 13 -0.664  0.914 0.00
P 14 -0.914  0.664 0.00
P 15 -1.074  0.349 0.00
P 16 -1.130  0.000 0.00
P 17 -1.074 -0.349 0.00
P 18 -0.914 -0.664 0.00
P 19 -0.664 -0.914 0.00
P 20 -0.349 -1.074 0.00
P 21  0.000 -1.130 0.32
P 22  0.349 -1.074 0.32
P 23  0.664 -0.914 0.32
P 24  0.914 -0.664 0.32
P 25  1.074 -0.349 0.32
P 26  1.130  0.000 0.32
P 27  1.074  0.349 0.32
P 28  0.914  0.664 0.32
P 29  0.664  0.914 0.32
P 30  0.349  1.074 0.32
P 31  0.000  1.130 0.32
P 32 -0.349  1.074 0.32
P 33 -0.664  0.914 0.32
P 34 -0.914  0.664 0.32
P 35 -1.074  0.349 0.32
P 36 -1.130  0.000 0.32
P 37 -1.074 -0.349 0.32
P 38 -0.914 -0.664 0.32
P 39 -0.664 -0.914 0.32
P 40 -0.349 -1.074 0.32
P 41  0.000 -0.914 0.66
P 42  0.282 -0.869 0.66
P 43  0.537 -0.739 0.66
P 44  0.739 -0.537 0.66
P 45  0.869 -0.282 0.66
P 46  0.914  0.000 0.66
P 47  0.869  0.282 0.66
P 48  0.739  0.537 0.66
P 49  0.537  0.739 0.66
P 50  0.282  0.869 0.66
P 51  0.000  0.914 0.66
P 52 -0.282  0.869 0.66
P 53 -0.537  0.739 0.66
P 54 -0.739  0.537 0.66
P 55 -0.869  0.282 0.66
P 56 -0.914  0.000 0.66
P 57 -0.869 -0.282 0.66
P 58 -0.739 -0.537 0.66
P 59 -0.537 -0.739 0.66
P 60 -0.282 -0.869 0.66
Q 1 2 22 21
Q 2 3 23 22
Q 3 4 24 23
Q 4 5 25 24
Q 5 6 26 25
Q 6 7 27 26
Q 7 8 28 27
Q 8 9 29 28
Q 9 10 30 29
Q 10 11 31 30
Q 11 12 32 31
Q 12 13 33 32
Q 13 14 34 33
Q 14 15 35 34
Q 15 16 36 35
Q 16 17 37 36
Q 17 18 38 37
Q 18 19 39 38
Q 19 20 40 39
Q 20 1 21 40
Q 21 22 42 41
Q 22 23 43 42
Q 23 24 44 43
Q 24 25 45 44
Q 25 26 46 45
Q 26 27 47 46
Q 27 28 48 47
Q 28 29 49 48
Q 29 30 50 49
Q 30 31 51 50
Q 31 32 52 51
Q 32 33 53 52
Q 33 34 54 53
Q 34 35 55 54
Q 35 36 56 55
Q 36 37 57 56
Q 37 38 58 57
Q 38 39 59 58
Q 39 40 60 59
Q 40 21 41 60
END MESH

BEGIN MESH BASEHIGHDETAIL
P 1   0.000 -1.130 0.00
P 2   0.349 -1.074 0.00
P 3   0.664 -0.914 0.00
P 4   0.914 -0.664 0.00
P 5   1.074 -0.349 0.00
P 6   1.130  0.000 0.00
P 7   1.074  0.349 0.00
P 8   0.914  0.664 0.00
P 9   0.664  0.914 0.00
P 10  0.349  1.074 0.00
P 11  0.000  1.130 0.00
P 12 -0.349  1.074 0.00
P 13 -0.664  0.914 0.00
P 14 -0.914  0.664 0.00
P 15 -1.074  0.349 0.00
P 16 -1.130  0.000 0.00
P 17 -1.074 -0.349 0.00
P 18 -0.914 -0.664 0.00
P 19 -0.664 -0.914 0.00
P 20 -0.349 -1.074 0.00
P 21  0.000 -1.130 0.32
P 22  0.349 -1.074 0.32
P 23  0.664 -0.914 0.32
P 24  0.914 -0.664 0.32
P 25  1.074 -0.349 0.32
P 26  1.130  0.000 0.32
P 27  1.074  0.349 0.32
P 28  0.914  0.664 0.32
P 29  0.664  0.914 0.32
P 30  0.349  1.074 0.32
P 31  0.000  1.130 0.32
P 32 -0.349  1.074 0.32
P 33 -0.664  0.914 0.32
P 34 -0.914  0.664 0.32
P 35 -1.074  0.349 0.32
P 36 -1.130  0.000 0.32
P 37 -1.074 -0.349 0.32
P 38 -0.914 -0.664 0.32
P 39 -0.664 -0.914 0.32
P 40 -0.349 -1.074 0.32
P 41  0.000 -0.914 0.66
P 42  0.282 -0.869 0.66
P 43  0.537 -0.739 0.66
P 44  0.739 -0.537 0.66
P 45  0.869 -0.282 0.66
P 46  0.914  0.000 0.66
P 47  0.869  0.282 0.66
P 48  0.739  0.537 0.66
P 49  0.537  0.739 0.66
P 50  0.282  0.869 0.66
P 51  0.000  0.914 0.66
P 52 -0.282  0.869 0.66
P 53 -0.537  0.739 0.66
P 54 -0.739  0.537 0.66
P 55 -0.869  0.282 0.66
P 56 -0.914  0.000 0.66
P 57 -0.869 -0.282 0.66
P 58 -0.739 -0.537 0.66
P 59 -0.537 -0.739 0.66
P 60 -0.282 -0.869 0.66
P 61  0.000 -0.664 0.92
P 62  0.205 -0.632 0.92
P 63  0.390 -0.537 0.92
P 64  0.537 -0.390 0.92
P 65  0.632 -0.205 0.92
P 66  0.664  0.000 0.92
P 67  0.632  0.205 0.92
P 68  0.537  0.390 0.92
P 69  0.390  0.537 0.92
P 70  0.205  0.632 0.92
P 71  0.000  0.664 0.92
P 72 -0.205  0.632 0.92
P 73 -0.390  0.537 0.92
P 74 -0.537  0.390 0.92
P 75 -0.632  0.205 0.92
P 76 -0.664  0.000 0.92
P 77 -0.632 -0.205 0.92
P 78 -0.537 -0.390 0.92
P 79 -0.390 -0.537 0.92
P 80 -0.205 -0.632 0.92
P 81  0.000  0.000 1.22
Q 1 2 22 21
Q 2 3 23 22
Q 3 4 24 23
Q 4 5 25 24
Q 5 6 26 25
Q 6 7 27 26
Q 7 8 28 27
Q 8 9 29 28
Q 9 10 30 29
Q 10 11 31 30
Q 11 12 32 31
Q 12 13 33 32
Q 13 14 34 33
Q 14 15 35 34
Q 15 16 36 35
Q 16 17 37 36
Q 17 18 38 37
Q 18 19 39 38
Q 19 20 40 39
Q 20 1 21 40
Q 21 22 42 41
Q 22 23 43 42
Q 23 24 44 43
Q 24 25 45 44
Q 25 26 46 45
Q 26 27 47 46
Q 27 28 48 47
Q 28 29 49 48
Q 29 30 50 49
Q 30 31 51 50
Q 31 32 52 51
Q 32 33 53 52
Q 33 34 54 53
Q 34 35 55 54
Q 35 36 56 55
Q 36 37 57 56
Q 37 38 58 57
Q 38 39 59 58
Q 39 40 60 59
Q 40 21 41 60
Q 41 42 62 61
Q 42 43 63 62
Q 43 44 64 63
Q 44 45 65 64
Q 45 46 66 65
Q 46 47 67 66
Q 47 48 68 67
Q 48 49 69 68
Q 49 50 70 69
Q 50 51 71 70
Q 51 52 72 71
Q 52 53 73 72
Q 53 54 74 73
Q 54 55 75 74
Q 55 56 76 75
Q 56 57 77 76
Q 57 58 78 77
Q 58 59 79 78
Q 59 60 80 79
Q 60 41 61 80
T 61 62 81
T 62 63 81
T 63 64 81
T 64 65 81
T 65 66 81
T 66 67 81
T 67 68 81
T 68 69 81
T 69 70 81
T 70 71 81
T 71 72 81
T 72 73 81
T 73 74 81
T 74 75 81
T 75 76 81
T 76 77 81
T 77 78 81
T 78 79 81
T 79 80 81
T 80 61 81
END MESH

BEGIN MESH MAIN1
P 1   0.173 -1.063 0.28
P 2   0.930 -2.812 0.00
P 3   0.485 -0.962 0.28
P 4   0.616 -0.878 0.30
P 5   2.084 -2.093 0.00
P 6   0.864 -0.628 0.31
P 7   0.959 -0.473 0.31
P 8   2.861 -0.836 0.00
P 9   1.065 -0.164 0.28
P 10  1.076  0.000 0.28
P 11  2.970  0.499 0.00
P 12  1.025  0.315 0.30
P 13  0.959  0.473 0.31
P 14  2.411  1.792 0.00
P 15  0.746  0.766 0.31
P 16  0.616  0.878 0.30
P 17  1.355  2.722 0.00
P 18  0.333  1.024 0.28
P 19  0.173  1.063 0.28
P 20  0.052  3.031 0.00
P 21 -0.154  1.058 0.31
P 22 -0.330  1.016 0.31
P 23 -1.384  2.680 0.00
P 24 -0.645  0.857 0.30
P 25 -0.871  0.632 0.28
P 26 -2.667  1.415 0.00
P 27 -1.015  0.348 0.30
P 28 -1.054  0.181 0.31
P 29 -2.975  0.041 0.00
P 30 -1.054 -0.181 0.31
P 31 -1.015 -0.384 0.30
P 32 -2.667 -1.332 0.00
P 33 -0.871 -0.633 0.28
P 34 -0.765 -0.759 0.28
P 35 -1.794 -2.348 0.00
P 36 -0.498 -0.947 0.31
P 37 -0.330 -1.016 0.31
P 38 -0.426 -2.908 0.00
P 39  0.017 -1.073 0.30
P 40 -0.057 -1.019 0.44
P 41  0.293 -2.812 0.31
P 42  0.246 -1.010 0.40
P 43  0.394 -0.961 0.40
P 44  1.445 -2.437 0.31
P 45  0.645 -0.791 0.44
P 46  0.766 -0.667 0.46
P 47  2.430 -1.414 0.40
P 48  0.951 -0.369 0.44
P 49  1.006 -0.217 0.42
P 50  2.891 -0.176 0.24
P 51  1.036  0.078 0.40
P 52  1.006  0.217 0.42
P 53  2.655  1.069 0.37
P 54  0.871  0.522 0.46
P 55  0.766  0.667 0.46
P 56  1.799  2.246 0.37
P 57  0.518  0.889 0.42
P 58  0.394  0.961 0.40
P 59  0.689  2.856 0.24
P 60  0.104  1.024 0.42
P 61 -0.057  1.019 0.44
P 62 -0.632  2.799 0.40
P 63 -0.397  0.934 0.46
P 64 -0.686  0.767 0.42
P 65 -2.206  1.915 0.24
P 66 -0.884  0.546 0.40
P 67 -0.941  0.415 0.42
P 68 -2.746  0.769 0.37
P 69 -1.011  0.892 0.46
P 70 -1.011 -0.089 0.46
P 71 -2.746 -0.686 0.37
P 72 -0.941  0.415 0.42
P 73  0.884 -0.546 0.40
P 74 -2.206 -1.832 0.24
P 75 -0.686 -0.767 0.42
P 76 -0.553 -0.857 0.44
P 77 -1.105 -2.563 0.40
P 78 -0.228 -0.989 0.46
P 79  0.180 -0.961 0.53
P 80  0.860 -2.567 0.52
P 81  0.420 -0.883 0.53
P 82  0.539 -0.797 0.56
P 83  1.834 -1.874 0.74
P 84  0.766 -0.556 0.59
P 85  0.857 -0.412 0.58
P 86  2.581 -0.699 0.69
P 87  0.970 -0.126 0.53
P 88  0.995  0.000 0.50
P 89  2.706  0.393 0.61
P 90  0.925  0.266 0.56
P 91  0.857  0.412 0.58
P 92  2.137  1.592 0.76
P 93  0.657  0.687 0.58
P 94  0.180  0.961 0.53
P 95  0.095  2.722 0.69
P 96 -0.127  0.942 0.58
P 97 -0.451  0.837 0.58
P 98 -1.647  2.156 0.69
P 99 -0.710  0.672 0.53
P 100 -0.805  0.585 0.50
P 101 -2.391  1.346 0.61
P 102 -0.904  0.329 0.56
P 103 -0.935  0.170 0.58
P 104 -2.636  0.041 0.76
P 105 -0.935 -0.167 0.58
P 106 -0.904 -0.329 0.56
P 107 -2.391 -1.263 0.61
P 108 -0.805 -0.585 0.50
P 109 -0.710 -0.672 0.53
P 110 -1.647 -2.073 0.69
P 111 -0.451 -0.837 0.58
P 112 -0.293 -0.900 0.59
P 113 -0.352 -2.585 0.74
P 114  0.323 -0.962 0.56
T 1 2 3
T 4 5 6
T 7 8 9
T 10 11 12
T 13 14 15
T 16 17 18
T 19 20 21
T 22 23 24
T 25 26 27
T 28 29 30
T 31 32 33
T 34 35 36
T 37 38 39
T 40 41 42
T 43 44 45
T 46 47 48
T 49 50 51
T 52 53 54
T 55 56 57
T 58 59 60
T 61 62 63
T 64 65 66
T 67 68 69
T 70 71 72
T 73 74 75
T 76 77 78
T 79 80 81
T 82 83 84
T 85 86 87
T 88 89 90
T 91 92 93
T 94 95 96
T 97 98 99
T 100 101 102
T 103 104 105
T 106 107 108
T 109 110 111
T 112 113 114
END MESH

BEGIN MESH MAIN2
P 1   0.287 -0.883 0.61
P 2   1.127 -2.206 0.95
P 3   0.525 -0.704 0.68
P 4   0.643 -0.577 0.70
P 5   2.088 -1.166 1.08
P 6   0.832 -0.282 0.68
P 7   0.891  0.134 0.65
P 8   2.321  0.826 1.04
P 9   0.748  0.433 0.70
P 10  0.525  0.704 0.68
P 11  1.127  2.289 0.95
P 12  0.287  0.883 0.61
P 13 -0.181  0.845 0.70
P 14 -0.974  2.243 1.08
P 15 -0.507  0.717 0.68
P 16 -0.800  0.415 0.65
P 17 -2.334  0.769 1.04
P 18 -0.860  0.089 0.70
P 19 -0.860 -0.089 0.70
P 20 -2.334 -0.686 1.04
P 21 -0.800 -0.415 0.65
P 22 -0.508 -0.717 0.68
P 23 -0.974 -2.160 1.08
P 24 -0.181 -0.845 0.70
P 25 -0.059 -0.766 0.80
P 26  0.307 -2.163 1.29
P 27  0.259 -0.797 0.73
P 28  0.377 -0.704 0.78
P 29  1.390 -1.589 1.38
P 30  0.612 -0.445 0.82
P 31  0.891 -0.134 0.65
P 32  2.340  0.041 1.17
P 33  0.891  0.134 0.65
P 34  0.612  0.445 0.82
P 35  1.390  1.672 1.38
P 36  0.376  0.704 0.78
P 37  0.259  0.797 0.73
P 38  0.307  2.246 1.29
P 39 -0.059  0.766 0.81
P 40 -0.642  0.633 0.65
P 41 -1.888  1.415 1.17
P 42 -0.800  0.415 0.65
P 43 -0.746  0.181 0.81
P 44 -2.106  0.041 1.41
P 45 -0.746 -0.181 0.81
P 46 -0.719 -0.348 0.78
P 47 -1.888 -1.332 1.17
P 48 -0.553 -0.576 0.78
T 1 2 3
T 4 5 6
T 7 8 9
T 10 11 12
T 13 14 15
T 16 17 18
T 19 20 21
T 22 23 24
T 25 26 27
T 28 29 30
T 31 32 33
T 34 35 36
T 37 38 39
T 40 41 42
T 43 44 45
T 46 47 48
END MESH

ADD MESH BASELOWDETAIL SCALE 0.25 DETAIL 1
ADD MESH BASEHIGHDETAIL SCALE 0.25 DETAIL 2

SET FRAME 1
ADD MESH MAIN1 SCALE 0.25
ADD MESH MAIN2 SCALE 0.25 DETAIL 2

SET FRAME 2
ADD MESH MAIN1 ROTATE 90 SCALE 0.25
ADD MESH MAIN2 ROTATE 90 SCALE 0.25 DETAIL 2

SET FRAME 3
ADD MESH MAIN1 ROTATE 180 SCALE 0.25
ADD MESH MAIN2 ROTATE 180 SCALE 0.25 DETAIL 2

SET FRAME 4
ADD MESH MAIN1 ROTATE 270 SCALE 0.25
ADD MESH MAIN2 ROTATE 270 SCALE 0.25 DETAIL 2

END SHADOW