TYPE SmallPlant13
CLASS Plant
RENDERER PlantsAndRocks
TILEBLOCK Point

BEGIN SHADOW

BEGIN MESH MAIN
P 1   0.107  0.403 0.00
P 2  -0.088  0.330 0.00
P 3  -0.209  0.360 0.00
P 4  -0.296  0.172 0.00
P 5  -0.403  0.107 0.00
P 6  -0.330 -0.088 0.00
P 7  -0.360 -0.209 0.00
P 8  -0.172 -0.296 0.00
P 9  -0.107 -0.403 0.00
P 10  0.088 -0.330 0.00
P 11  0.209 -0.360 0.00
P 12  0.296 -0.172 0.00
P 13  0.403 -0.107 0.00
P 14  0.330  0.088 0.00
P 15  0.360  0.209 0.00
P 16  0.172  0.296 0.00
P 17  0.095  0.355 0.06
P 18 -0.083  0.311 0.06
P 19 -0.184  0.318 0.06
P 20 -0.278  0.161 0.06
P 21 -0.355  0.095 0.06
P 22 -0.311 -0.083 0.06
P 23 -0.318 -0.184 0.06
P 24 -0.161 -0.278 0.06
P 25 -0.095 -0.355 0.06
P 26  0.083 -0.311 0.06
P 27  0.184 -0.318 0.06
P 28  0.278 -0.161 0.06
P 29  0.355 -0.095 0.06
P 30  0.311  0.083 0.06
P 31  0.318  0.184 0.06
P 32  0.161  0.278 0.06
P 33  0.059  0.222 0.16
P 34  0.000  0.232 0.16
P 35 -0.115  0.199 0.16
P 36 -0.164  0.164 0.16
P 37 -0.222  0.059 0.16
P 38 -0.215 -0.057 0.16
P 39 -0.199 -0.115 0.16
P 40 -0.111 -0.193 0.16
P 41 -0.059 -0.222 0.16
P 42  0.000 -0.232 0.16
P 43  0.115 -0.199 0.16
P 44  0.164 -0.164 0.16
P 45  0.222 -0.059 0.16
P 46  0.232  0.000 0.16
P 47  0.199  0.115 0.16
P 48  0.164  0.164 0.16
P 49  0.055  0.179 0.32
P 50  0.000  0.184 0.32
P 51 -0.102  0.157 0.32
P 52 -0.144  0.125 0.32
P 53 -0.183  0.049 0.32
P 54 -0.183 -0.049 0.32
P 55 -0.164 -0.095 0.32
P 56 -0.095 -0.164 0.32
P 57 -0.049 -0.183 0.32
P 58  0.000 -0.189 0.32
P 59  0.095 -0.164 0.32
P 60  0.134 -0.134 0.32
P 61  0.183 -0.049 0.32
P 62  0.189  0.000 0.32
P 63  0.164  0.095 0.32
P 64  0.134  0.134 0.32
P 65  0.081  0.250 0.60
P 66  0.003  0.255 0.60
P 67 -0.141  0.126 0.60
P 68 -0.200  0.051 0.60
P 69 -0.256  0.006 0.60
P 70 -0.256 -0.073 0.60
P 71 -0.229 -0.137 0.60
P 72 -0.131 -0.236 0.60
P 73 -0.066 -0.263 0.60
P 74  0.003 -0.272 0.60
P 75  0.137 -0.236 0.60
P 76  0.193 -0.193 0.60
P 77  0.262 -0.073 0.60
P 78  0.272 -0.003 0.60
P 79  0.236  0.131 0.60
P 80  0.193  0.186 0.60
P 81  0.121  0.388 0.94
P 82  0.004  0.399 0.94
P 83 -0.212  0.342 0.94
P 84 -0.302  0.273 0.94
P 85 -0.306  0.112 0.94
P 86 -0.203 -0.038 0.94
P 87 -0.275 -0.200 0.94
P 88 -0.197 -0.381 0.94
P 89 -0.099 -0.444 0.94
P 90  0.009 -0.435 0.94
P 91  0.205 -0.345 0.94
P 92  0.141 -0.287 0.94
P 93  0.279 -0.096 0.94
P 94  0.335  0.008 0.94
P 95  0.300  0.209 0.94
P 96  0.214  0.293 0.94
P 97  0.067  0.333 1.13
P 98  0.004  0.399 1.13
P 99 -0.212  0.342 1.13
P 100 -0.302  0.273 1.13
P 101 -0.348  0.112 1.13
P 102 -0.203 -0.038 1.13
P 103 -0.082 -0.195 1.13 # start of side branch base
P 104 -0.174 -0.332 1.13
P 105 -0.074 -0.492 1.13
P 106  0.050 -0.465 1.13
P 107  0.070 -0.341 1.13
P 108  0.091 -0.204 1.13 # end of side branch  base
P 109  0.323 -0.128 1.13
P 110  0.393  0.008 1.13
P 111  0.358  0.209 1.13
P 112  0.276  0.340 1.13
P 113 -0.128 -0.281 1.31 # start of side branch top
P 114 -0.158 -0.344 1.31
P 115 -0.087 -0.460 1.31
P 116  0.007 -0.451 1.31
P 117  0.022 -0.402 1.31
P 118 -0.004 -0.354 1.31 # end of side branch top
P 119  0.140 -0.114 1.30 # goes above P 108
P 120  0.360 -0.128 1.30
P 121  0.491  0.008 1.30
P 122  0.446  0.209 1.30
P 123  0.342  0.340 1.30
P 124  0.110  0.274 1.30
P 125 -0.003  0.255 1.30
P 126 -0.278  0.342 1.30
P 127 -0.391  0.283 1.30
P 128 -0.415  0.112 1.30
P 129 -0.265 -0.020 1.30
P 130 -0.112  0.000 1.30 # goes above P 103
P 131  0.280  0.003 1.77 # goes above P 119
P 132  0.387 -0.005 1.77
P 133  0.442  0.042 1.77
P 134  0.423  0.167 1.77
P 135  0.379  0.229 1.77
P 136  0.267  0.119 1.77 # goes above P 124
P 137 -0.268  0.278 1.72 # goes above P 125
P 138 -0.358  0.302 1.72
P 139 -0.401  0.287 1.72
P 140 -0.429  0.203 1.72
P 141 -0.353  0.134 1.72
P 142 -0.294  0.144 1.72 # goes above P 130
Q 1 2 18 17
Q 2 3 19 18
Q 3 4 20 19
Q 4 5 21 20
Q 5 6 22 21
Q 6 7 23 22
Q 7 8 24 23
Q 8 9 25 24
Q 9 10 26 25
Q 10 11 27 26
Q 11 12 28 27
Q 12 13 29 28
Q 13 14 30 29
Q 14 15 31 30
Q 15 16 32 31
Q 16 1 17 32
Q 17 18 34 33
Q 18 19 35 34
Q 19 20 36 35
Q 20 21 37 36
Q 21 22 38 37
Q 22 23 39 38
Q 23 24 40 39
Q 24 25 41 40
Q 25 26 42 41
Q 26 27 43 42
Q 27 28 44 43
Q 28 29 45 44
Q 29 30 46 45
Q 30 31 47 46
Q 31 32 48 47
Q 32 17 33 48
Q 33 34 50 49
Q 34 35 51 50
Q 35 36 52 51
Q 36 37 53 52
Q 37 38 54 53
Q 38 39 55 54
Q 39 40 56 55
Q 40 41 57 56
Q 41 42 58 57
Q 42 43 59 58
Q 43 44 60 59
Q 44 45 61 60
Q 45 46 62 61
Q 46 47 63 62
Q 47 48 64 63
Q 48 33 49 64
Q 49 50 66 65
Q 50 51 67 66
Q 51 52 68 67
Q 52 53 69 68
Q 53 54 70 69
Q 54 55 71 70
Q 55 56 72 71
Q 56 57 73 72
Q 57 58 74 73
Q 58 59 75 74
Q 59 60 76 75
Q 60 61 77 76
Q 61 62 78 77
Q 62 63 79 78
Q 63 64 80 79
Q 64 49 65 80
Q 65 66 82 81
Q 66 67 83 82
Q 67 68 84 83
Q 68 69 85 84
Q 69 70 86 85
Q 70 71 87 86
Q 71 72 88 87
Q 72 73 89 88
Q 73 74 90 89
Q 74 75 91 90
Q 75 76 92 91
Q 76 77 93 92
Q 77 78 94 93
Q 78 79 95 94
Q 79 80 96 95
Q 80 65 81 96
Q 81 82 98 97
Q 82 83 99 98
Q 83 84 100 99
Q 84 85 101 100
Q 85 86 102 101
Q 86 87 103 102
Q 87 88 104 103
Q 88 89 105 104
Q 89 90 106 105
Q 90 91 107 106
Q 91 92 108 107
Q 92 93 100 108
Q 93 94 110 100
Q 94 95 111 110
Q 95 96 112 111
Q 96 81 97 112
Q 103 104 114 113
Q 104 105 115 114
Q 105 106 116 115
Q 106 107 117 116
Q 107 108 118 117
Q 108 103 113 118
Q 108 109 120 119
Q 109 110 121 120
Q 110 111 122 121
Q 111 112 123 122
Q 112 113 124 123
Q 97  98 125 124
Q 98  99 126 125
Q 99  100 127 126
Q 100 101 128 127
Q 101 102 129 128
Q 102 103 130 129
Q 119 120 132 131
Q 120 121 133 132
Q 121 122 134 133
Q 122 123 135 134
Q 123 124 136 135
Q 124 119 131 136
Q 125 126 138 137
Q 126 127 139 138
Q 127 128 140 139
Q 128 129 141 140
Q 129 130 142 141
Q 130 125 137 142
END MESH

SET FRAME 1
ADD MESH MAIN SCALE 0.25

SET FRAME 2
ADD MESH MAIN ROTATE 90 SCALE 0.25

SET FRAME 3
ADD MESH MAIN ROTATE 180 SCALE 0.25

SET FRAME 4
ADD MESH MAIN ROTATE 270 SCALE 0.25

SET FRAME 5
ADD MESH MAIN SCALE 0.3

SET FRAME 6
ADD MESH MAIN ROTATE 90 SCALE 0.3

SET FRAME 7
ADD MESH MAIN ROTATE 180 SCALE 0.3

SET FRAME 8
ADD MESH MAIN ROTATE 270 SCALE 0.3

SET FRAME 9
ADD MESH MAIN SCALE 0.425

SET FRAME 10
ADD MESH MAIN ROTATE 90 SCALE 0.425

SET FRAME 11
ADD MESH MAIN ROTATE 180 SCALE 0.425

SET FRAME 12
ADD MESH MAIN ROTATE 270 SCALE 0.425

SET FRAME 13
ADD MESH MAIN SCALE 0.5

SET FRAME 14
ADD MESH MAIN ROTATE 90 SCALE 0.5

SET FRAME 15
ADD MESH MAIN ROTATE 180 SCALE 0.5

SET FRAME 16
ADD MESH MAIN ROTATE 270 SCALE 0.5