TYPE Tree
CLASS Plant
RENDERER PlantsAndRocks
RENDERER TreeTop
WINDBLOCK 30
TILEBLOCK Point
CANBEINDOORS False

BEGIN SHADOW 

BEGIN MESH MAIN
P 1   0.00  0.00 0.00  0.50 0.50

P 2   1.88  0.00 0.88  0.59 0.50
P 3   1.33 -1.33 0.88  0.57 0.43
P 4   0.00 -1.88 0.88  0.50 0.41
P 5  -1.33 -1.33 0.88  0.43 0.43
P 6  -1.88  0.00 0.88  0.41 0.50
P 7  -1.33  1.33 0.88  0.43 0.57
P 8   0.00  1.88 0.88  0.50 0.59
P 9   1.33  1.33 0.88  0.57 0.57

P 10  3.80  0.00 1.15  0.69 0.50
P 11  2.69 -2.69 1.15  0.63 0.37
P 12  0.00 -3.80 1.15  0.50 0.31
P 13 -2.69 -2.69 1.15  0.37 0.37
P 14 -3.80  0.00 1.15  0.31 0.50
P 15 -2.69  2.69 1.15  0.37 0.63
P 16  0.00  3.80 1.15  0.50 0.69
P 17  2.69  2.69 1.15  0.63 0.63

P 18  6.91  0.00 0.69  0.85 0.50
P 19  4.88 -4.88 0.69  0.74 0.26
P 20  0.00 -6.91 0.69  0.50 0.15
P 21 -4.88 -4.88 0.69  0.26 0.26
P 22 -6.91  0.00 0.69  0.15 0.50
P 23 -4.88  4.88 0.69  0.26 0.74
P 24  0.00  6.91 0.69  0.50 0.85
P 25  4.88  4.88 0.69  0.74 0.74

P 26  10.0  0.00 0.00  1.00 0.50
P 27  7.13 -7.13 0.00  0.86 0.14
P 28  0.00 -10.0 0.00  0.50 0.00
P 29 -7.13 -7.13 0.00  0.14 0.14
P 30 -10.0  0.00 0.00  0.00 0.50
P 31 -7.13  7.13 0.00  0.14 0.86
P 32  0.00  10.0 0.00  0.50 1.00
P 33  7.13  7.13 0.00  0.86 0.86

T 1 2 3
T 1 3 4
T 1 4 5
T 1 5 6
T 1 6 7
T 1 7 8
T 1 8 9
T 1 9 2

Q 2 3 11 10
Q 3 4 12 11
Q 4 5 13 12
Q 5 6 14 13
Q 6 7 15 14
Q 7 8 16 15
Q 8 9 17 16
Q 9 2 10 17

Q 10 11 19 18
Q 11 12 20 19
Q 12 13 21 20
Q 13 14 22 21
Q 14 15 23 22
Q 15 16 24 23
Q 16 17 25 24
Q 17 10 18 25

Q 18 19 27 26
Q 19 20 28 27
Q 20 21 29 28
Q 21 22 30 29
Q 22 23 31 30
Q 23 24 32 31
Q 24 25 33 32
Q 25 18 26 33

END MESH

ADD MESH MAIN SCALE 0.5 TYPE TreeTop

END SHADOW