TYPE OrganicsStack
RENDERER GeneralA
TILEBLOCK Circle
OPTIONAL FOUNDATION
BEGIN SHADOW
SET FRAME 1
QV -0.52 -0.08  0.52 -0.08  0 0.08
QV -0.52  0.08  0.52  0.08  0 0.08
QV -0.52 -0.08 -0.52  0.08  0 0.08
QV  0.52 -0.08  0.52  0.08  0 0.08
QH -0.52 -0.08  0.52 -0.08  0.52  0.08 -0.52  0.08  0.08
SET FRAME 2
QV -0.52 -0.32  0.52 -0.32  0 0.08
QV -0.52  0.08  0.52  0.08  0 0.08
QV -0.52 -0.32 -0.52  0.08  0 0.08
QV  0.52 -0.32  0.52  0.08  0 0.08
QH -0.52 -0.32  0.52 -0.32  0.52  0.08 -0.52  0.08  0.08
SET FRAME 3
QV -0.52 -0.32  0.52 -0.32  0 0.08
QV -0.52  0.32  0.52  0.32  0 0.08
QV -0.52 -0.32 -0.52  0.32  0 0.08
QV  0.52 -0.32  0.52  0.32  0 0.08
QH -0.52 -0.32  0.52 -0.32  0.52  0.08 -0.52  0.08  0.08
SET FRAME 4
QV -0.52 -0.52  0.52 -0.52  0 0.08
QV -0.52  0.32  0.52  0.32  0 0.08
QV -0.52 -0.52 -0.52  0.32  0 0.08
QV  0.52 -0.52  0.52  0.32  0 0.08
QH -0.52 -0.52  0.52 -0.52  0.52  0.32 -0.52  0.32  0.08
SET FRAME 5
QV -0.52 -0.52  0.52 -0.52  0 0.08
QV -0.52  0.52  0.52  0.52  0 0.08
QV -0.52 -0.52 -0.52  0.52  0 0.08
QV  0.52 -0.52  0.52  0.52  0 0.08
QH -0.52 -0.52  0.52 -0.52  0.52  0.52 -0.52  0.52  0.08
SET FRAME 6
QV -0.52 -0.52  0.52 -0.52  0 0.08
QV -0.52  0.52  0.52  0.52  0 0.08
QV -0.52 -0.52 -0.52  0.52  0 0.08
QV  0.52 -0.52  0.52  0.52  0 0.08
QH -0.52 -0.52  0.52 -0.52  0.52  0.52 -0.52  0.52  0.08
QV -0.08 -0.52  0.08 -0.52  0 0.16
QV -0.08  0.52  0.08  0.52  0 0.16
QV -0.08 -0.52 -0.08  0.52  0 0.16
QV  0.08 -0.52  0.08  0.52  0 0.16
QH -0.08 -0.52  0.08 -0.52  0.08  0.52 -0.08  0.52  0.16
SET FRAME 7
QV -0.52 -0.52  0.52 -0.52  0 0.08
QV -0.52  0.52  0.52  0.52  0 0.08
QV -0.52 -0.52 -0.52  0.52  0 0.08
QV  0.52 -0.52  0.52  0.52  0 0.08
QH -0.52 -0.52  0.52 -0.52  0.52  0.52 -0.52  0.52  0.08
QV -0.08 -0.52  0.32 -0.52  0 0.16
QV -0.08  0.52  0.32  0.52  0 0.16
QV -0.08 -0.52 -0.08  0.52  0 0.16
QV  0.32 -0.52  0.32  0.52  0 0.16
QH -0.08 -0.52  0.32 -0.52  0.32  0.52 -0.08  0.52  0.16
SET FRAME 8
QV -0.52 -0.52  0.52 -0.52  0 0.08
QV -0.52  0.52  0.52  0.52  0 0.08
QV -0.52 -0.52 -0.52  0.52  0 0.08
QV  0.52 -0.52  0.52  0.52  0 0.08
QH -0.52 -0.52  0.52 -0.52  0.52  0.52 -0.52  0.52  0.08
QV -0.32 -0.52  0.32 -0.52  0 0.16
QV -0.32  0.52  0.32  0.52  0 0.16
QV -0.32 -0.52 -0.32  0.52  0 0.16
QV  0.32 -0.52  0.32  0.52  0 0.16
QH -0.32 -0.52  0.32 -0.52  0.32  0.52 -0.32  0.52  0.16
SET FRAME 9
QV -0.52 -0.52  0.52 -0.52  0 0.08
QV -0.52  0.52  0.52  0.52  0 0.08
QV -0.52 -0.52 -0.52  0.52  0 0.08
QV  0.52 -0.52  0.52  0.52  0 0.08
QH -0.52 -0.52  0.52 -0.52  0.52  0.52 -0.52  0.52  0.08
QV -0.32 -0.52  0.52 -0.52  0 0.16
QV -0.32  0.52  0.52  0.52  0 0.16
QV -0.32 -0.52 -0.32  0.52  0 0.16
QV  0.52 -0.52  0.52  0.52  0 0.16
QH -0.32 -0.52  0.52 -0.52  0.52  0.52 -0.32  0.52  0.16
SET FRAME 10
QV -0.52 -0.52  0.52 -0.52  0 0.16
QV -0.52  0.52  0.52  0.52  0 0.16
QV -0.52 -0.52 -0.52  0.52  0 0.16
QV  0.52 -0.52  0.52  0.52  0 0.16
QH -0.52 -0.52  0.52 -0.52  0.52  0.52 -0.52  0.52  0.16
SET FRAME 11
QV -0.52 -0.52  0.52 -0.52  0 0.16
QV -0.52  0.52  0.52  0.52  0 0.16
QV -0.52 -0.52 -0.52  0.52  0 0.16
QV  0.52 -0.52  0.52  0.52  0 0.16
QH -0.52 -0.52  0.52 -0.52  0.52  0.52 -0.52  0.52  0.16
QV -0.52 -0.08  0.52 -0.08  0 0.24
QV -0.52  0.08  0.52  0.08  0 0.24
QV -0.52 -0.08 -0.52  0.08  0 0.24
QV  0.52 -0.08  0.52  0.08  0 0.24
QH -0.52 -0.08  0.52 -0.08  0.52  0.08 -0.52  0.08  0.24
SET FRAME 12
QV -0.52 -0.52  0.52 -0.52  0 0.16
QV -0.52  0.52  0.52  0.52  0 0.16
QV -0.52 -0.52 -0.52  0.52  0 0.16
QV  0.52 -0.52  0.52  0.52  0 0.16
QH -0.52 -0.52  0.52 -0.52  0.52  0.52 -0.52  0.52  0.16
QV -0.52 -0.08  0.52 -0.32  0 0.24
QV -0.52  0.32  0.52  0.32  0 0.24
QV -0.52 -0.08 -0.52  0.32  0 0.24
QV  0.52 -0.08  0.52  0.32  0 0.24
QH -0.52 -0.08  0.52 -0.08  0.52  0.32 -0.52  0.32  0.24
SET FRAME 13
QV -0.52 -0.52  0.52 -0.52  0 0.16
QV -0.52  0.52  0.52  0.52  0 0.16
QV -0.52 -0.52 -0.52  0.52  0 0.16
QV  0.52 -0.52  0.52  0.52  0 0.16
QH -0.52 -0.52  0.52 -0.52  0.52  0.52 -0.52  0.52  0.16
QV -0.52 -0.32  0.52 -0.32  0 0.24
QV -0.52  0.32  0.52  0.32  0 0.24
QV -0.52 -0.32 -0.52  0.32  0 0.24
QV  0.52 -0.32  0.52  0.32  0 0.24
QH -0.52 -0.32  0.52 -0.32  0.52  0.08 -0.52  0.08  0.24
SET FRAME 14
QV -0.52 -0.52  0.52 -0.52  0 0.16
QV -0.52  0.52  0.52  0.52  0 0.16
QV -0.52 -0.52 -0.52  0.52  0 0.16
QV  0.52 -0.52  0.52  0.52  0 0.16
QH -0.52 -0.52  0.52 -0.52  0.52  0.52 -0.52  0.52  0.16
QV -0.52 -0.32  0.52 -0.32  0 0.24
QV -0.52  0.52  0.52  0.52  0 0.24
QV -0.52 -0.32 -0.52  0.52  0 0.24
QV  0.52 -0.32  0.52  0.52  0 0.24
QH -0.52 -0.32  0.52 -0.32  0.52  0.52 -0.52  0.52  0.24
SET FRAME 15
QV -0.52 -0.52  0.52 -0.52  0 0.24
QV -0.52  0.52  0.52  0.52  0 0.24
QV -0.52 -0.52 -0.52  0.52  0 0.24
QV  0.52 -0.52  0.52  0.52  0 0.24
QH -0.52 -0.52  0.52 -0.52  0.52  0.52 -0.52  0.52  0.24
SET FRAME 16
QV -0.52 -0.52  0.52 -0.52  0 0.24
QV -0.52  0.52  0.52  0.52  0 0.24
QV -0.52 -0.52 -0.52  0.52  0 0.24
QV  0.52 -0.52  0.52  0.52  0 0.24
QH -0.52 -0.52  0.52 -0.52  0.52  0.52 -0.52  0.52  0.24
QV -0.08 -0.52  0.08 -0.52  0 0.32
QV -0.08  0.52  0.08  0.52  0 0.32
QV -0.08 -0.52 -0.08  0.52  0 0.32
QV  0.08 -0.52  0.08  0.52  0 0.32
QH -0.08 -0.52  0.08 -0.52  0.08  0.52 -0.08  0.52  0.32
SET FRAME 17
QV -0.52 -0.52  0.52 -0.52  0 0.24
QV -0.52  0.52  0.52  0.52  0 0.24
QV -0.52 -0.52 -0.52  0.52  0 0.24
QV  0.52 -0.52  0.52  0.52  0 0.24
QH -0.52 -0.52  0.52 -0.52  0.52  0.52 -0.52  0.52  0.24
QV -0.08 -0.52  0.32 -0.52  0 0.32
QV -0.08  0.52  0.32  0.52  0 0.32
QV -0.08 -0.52 -0.08  0.52  0 0.32
QV  0.32 -0.52  0.32  0.52  0 0.32
QH -0.08 -0.52  0.32 -0.52  0.32  0.52 -0.08  0.52  0.32
SET FRAME 18
QV -0.52 -0.52  0.52 -0.52  0 0.24
QV -0.52  0.52  0.52  0.52  0 0.24
QV -0.52 -0.52 -0.52  0.52  0 0.24
QV  0.52 -0.52  0.52  0.52  0 0.24
QH -0.52 -0.52  0.52 -0.52  0.52  0.52 -0.52  0.52  0.24
QV -0.32 -0.52  0.32 -0.52  0 0.32
QV -0.32  0.52  0.32  0.52  0 0.32
QV -0.32 -0.52 -0.32  0.52  0 0.32
QV  0.32 -0.52  0.32  0.52  0 0.32
QH -0.32 -0.52  0.32 -0.52  0.32  0.52 -0.32  0.52  0.32
SET FRAME 19
QV -0.52 -0.52  0.52 -0.52  0 0.24
QV -0.52  0.52  0.52  0.52  0 0.24
QV -0.52 -0.52 -0.52  0.52  0 0.24
QV  0.52 -0.52  0.52  0.52  0 0.24
QH -0.52 -0.52  0.52 -0.52  0.52  0.52 -0.52  0.52  0.24
QV -0.32 -0.52  0.52 -0.52  0 0.32
QV -0.32  0.52  0.52  0.52  0 0.32
QV -0.32 -0.52 -0.32  0.52  0 0.32
QV  0.52 -0.52  0.52  0.52  0 0.32
QH -0.32 -0.52  0.52 -0.52  0.52  0.52 -0.32  0.52  0.32
SET FRAME 20
QV -0.52 -0.52  0.52 -0.52  0 0.32
QV -0.52  0.52  0.52  0.52  0 0.32
QV -0.52 -0.52 -0.52  0.52  0 0.32
QV  0.52 -0.52  0.52  0.52  0 0.32
QH -0.52 -0.52  0.52 -0.52  0.52  0.52 -0.52  0.52  0.32
END SHADOW