TYPE RockSmall
RENDERER PlantsAndRocks
WINDBLOCK 3
SIZE 1 1

BEGIN SHADOW 

BEGIN MESH MAIN
P 1   1.02 -0.23 0.00
P 2   1.04 -0.01 0.00
P 3   0.96  0.29 0.00
P 4   0.88  0.58 0.00
P 5   0.78 -0.25 0.00
P 6   0.80 -0.31 0.35
P 7   0.80 -0.05 0.54
P 8   0.80  0.29 0.41
P 9   0.80  0.62 0.08
P 10  0.75  0.74 0.00

P 11  0.47 -0.45 0.00
P 12  0.47 -0.38 0.59
P 13  0.47 -0.05 0.79
P 14  0.47  0.29 0.70
P 15  0.47  0.62 0.33
P 16  0.43  0.78 0.00

P 17  0.13 -0.57 0.00
P 18  0.13 -0.38 0.78
P 19  0.13 -0.05 0.94
P 20  0.13  0.29 0.77
P 21  0.13  0.62 0.43
P 22 -0.03  0.94 0.00

P 23 -0.20 -0.55 0.00
P 24 -0.20 -0.35 0.82
P 25 -0.20 -0.05 0.86
P 26 -0.20  0.29 0.71
P 27 -0.20  0.62 0.46
P 28 -0.20  0.95 0.41
P 29 -0.20  1.28 0.00

P 30 -0.54 -0.38 0.00
P 31 -0.53 -0.05 0.51
P 32 -0.53  0.28 0.47
P 33 -0.53  0.62 0.39
P 34 -0.52  0.95 0.38
P 35 -0.53  1.28 0.00

P 36 -0.61 -0.05 0.00
P 37 -0.68  0.28 0.00
P 38 -0.77  0.62 0.00
P 39 -0.80  0.95 0.00

T 1 5 6
T 1 2 6
T 2 6 7
T 2 7 8
T 2 8 3
T 3 8 4
T 4 8 9
T 4 9 10

T 5 11 12
T 5 12 6
T 6 12 7
T 7 12 13
T 7 13 14
T 7 14 8
T 8 14 15
T 8 15 9
T 9 15 16
T 9 16 10

T 11 17 12
T 12 17 18
T 12 18 19
T 12 19 13
T 13 19 20
T 13 20 14
T 14 20 21
T 14 21 15
T 15 21 16
T 16 21 22

T 17 23 24
T 17 24 18
T 18 24 19
T 19 24 25
T 19 25 26
T 19 26 20
T 20 26 21
T 21 26 27
T 21 27 22
T 22 27 28
T 22 28 29

T 23 30 24
T 24 30 31
T 24 31 25
T 25 31 32
T 25 32 26
T 26 32 27
T 27 32 33
T 27 33 34
T 27 34 28
T 28 34 29
T 29 34 35

T 30 36 31
T 31 36 37
T 31 37 32
T 32 37 33
T 33 37 38
T 33 38 34
T 34 38 39
T 34 39 35

END MESH

SET DIRECTION NE
ADD MESH MAIN SCALE 0.5 OFFSET 0 -0.1 0

SET DIRECTION NW
ADD MESH MAIN SCALE 0.5 ROTATE 90 OFFSET 0.2 -0.1 0

SET DIRECTION SW
ADD MESH MAIN SCALE 0.5 ROTATE 180 OFFSET 0.1 0 0

SET DIRECTION SE
ADD MESH MAIN SCALE 0.5 ROTATE 270 OFFSET -0.12 0.1 0

END SHADOW