TYPE RockLarge
RENDERER PlantsAndRocks
WINDBLOCK 6
SIZE 2 2

BEGIN SHADOW 

BEGIN MESH MAIN
P 1   0.74 -2.67 0.00
P 2   0.26 -2.43 0.00
P 3   0.10 -2.01 0.00
P 4   0.25 -1.74 0.14
P 5   0.74 -1.74 0.33
P 6   1.29 -2.11 0.00
P 7   0.74 -2.42 0.30
P 8   0.45 -2.34 0.30
P 9   0.37 -2.14 0.30
P 10  0.50 -1.95 0.37
P 11  0.74 -1.94 0.39
P 12  1.02 -2.14 0.30
P 13 -2.60 -0.41 0.00
P 14 -2.37 -0.37 0.00
P 15 -1.65  0.69 0.00
P 16 -0.84  0.40 0.00
P 17 -0.50 -0.41 0.00
P 18 -0.84 -1.22 0.00
P 19 -1.65 -1.32 0.00
P 20 -2.28 -0.98 0.00
P 21 -2.25 -0.41 0.57
P 22 -2.07  0.02 0.57
P 23 -1.65  0.20 0.57
P 24 -1.22  0.02 0.57
P 25 -1.04 -0.41 0.57
P 26 -1.22 -0.84 0.57
P 27 -1.65 -1.01 0.57
P 28 -2.08 -0.84 0.57
P 29 -1.96 -0.31 0.98
P 30 -1.89 -0.10 0.98
P 31 -1.70 -0.01 0.98
P 32 -1.49 -0.10 0.98
P 33 -1.45 -0.31 0.98
P 34 -1.49 -0.48 0.98
P 35 -1.70 -0.57 0.98
P 36 -1.87 -0.48 0.98
P 37 -0.56  2.29 0.00
P 38  0.21  2.00 0.00
P 39  1.48  1.59 0.00
P 40  2.05  0.21 0.00
P 41  2.01 -1.16 0.00
P 42  0.64 -1.97 0.00
P 43 -0.87 -1.28 0.00
P 44 -0.52  0.94 0.49
P 45  0.21  1.24 0.49
P 46  0.93  0.94 0.49
P 47  1.23  0.21 0.49
P 48  0.93 -0.51 0.49
P 49  0.21 -0.82 0.49
P 50 -0.52 -0.51 0.49
P 51 -0.82  0.21 0.49
P 52 -0.22  0.76 1.01
P 53  0.11  1.05 1.16
P 54  0.55  0.92 1.14
P 55  0.57  0.39 1.01
P 56  0.49  0.07 1.01
P 57  0.11 -0.10 1.01
P 58 -0.18  0.08 1.01
P 59 -0.36  0.39 1.01
P 60 -0.22  0.76 1.01
P 61 -0.15  0.57 1.35
P 62  0.06  0.65 1.35
P 63  0.30  0.57 1.35
P 64  0.35  0.33 1.35
P 65  0.30  0.13 1.35
P 66  0.06  0.02 1.35
P 67 -0.12  0.13 1.35
P 68 -0.23  0.32 1.35

P 69 -1.21  0.46 0.00
P 70 -1.84  0.80 0.00
P 71 -2.17  1.37 0.00
P 72 -1.94  2.22 0.00
P 73 -1.21  2.50 0.00
P 74 -0.32  2.21 0.00
P 75 -0.07  1.37 0.00

P 76 -1.21  0.76 0.57
P 77 -1.52  0.94 0.57
P 78 -1.71  1.37 0.57
P 79 -1.64  1.80 0.57
P 80 -1.21  1.88 0.57
P 81 -0.89  1.63 0.57
P 82 -0.61  1.37 0.57
P 83 -0.61  0.77 0.57

P 84 -0.96  0.64 0.98
P 85 -1.08  0.82 0.98
P 86 -1.28  0.98 0.98
P 87 -1.21  1.22 0.98
P 88 -0.96  1.23 0.98
P 89 -0.76  1.13 0.98
P 90 -0.71  0.92 0.98
P 91 -0.72  0.75 0.98

P 92  1.76  0.21 0.00
P 93  2.02 -0.60 0.00
P 94  1.76 -1.89 0.00
P 95  0.95 -1.74 0.00
P 96  0.32 -1.17 0.00

P 97   1.31 -0.17 0.39
P 98   1.56 -0.60 0.43
P 99   1.38 -1.03 0.43
P 100  0.95 -1.39 0.43
P 101  0.52 -1.23 0.28
P 102  0.21 -1.02 0.39
P 103  0.52 -0.17 0.43
P 104  0.95  0.01 0.43

P 105   1.10 -0.26 0.89
P 106   1.23 -0.50 0.89
P 107   1.22 -0.67 0.89
P 108  0.90 -0.98 0.89
P 109  0.73 -0.91 0.89
P 110  0.52 -0.61 0.89
P 111  0.58 -0.29 0.89
P 112  0.90 -0.02 0.89

P 113  1.08 -0.35 1.09
P 114  1.12 -0.56 1.09
P 115  1.08 -0.74 1.09
P 116  0.87 -0.83 1.09
P 117  0.70 -0.73 1.09
P 118  0.61 -0.56 1.09
P 119  0.68 -0.35 1.09
P 120  0.87 -0.27 1.09

P 121  0.86  1.19 0.00
P 122  1.59  1.51 0.00
P 123  2.30  1.23 0.00
P 124  2.58  0.42 0.00
P 125  2.10 -0.36 0.00
P 126  1.59 -0.50 0.00

P 127  1.16  0.85 0.41
P 128  1.59  1.02 0.41
P 129  2.02  0.85 0.41
P 130  2.20  0.42 0.41
P 131  2.02 -0.01 0.41
P 132  1.59 -0.19 0.41
P 133  1.16 -0.01 0.41
P 134  0.98  0.42 0.41

P 135  1.33  0.69 1.00
P 136  1.48  0.76 1.00
P 137  1.61  0.67 1.00
P 138  1.69  0.52 1.00
P 139  1.65  0.39 1.00
P 140  1.48  0.30 1.00
P 141  1.34  0.38 1.00
P 142  1.31  0.52 1.00

Q 1 2 8 7
Q 2 3 9 8
Q 3 4 10 9
Q 4 5 11 10
Q 5 6 12 11
Q 6 1 7 12
Q 13 14 22 21
Q 14 15 23 22
Q 15 16 24 23
Q 16 17 25 24
Q 17 18 26 25
Q 18 19 27 26
Q 19 20 28 27
Q 20 13 21 28
Q 21 22 30 29
Q 22 23 31 30
Q 23 24 32 31
Q 24 25 33 32
Q 25 26 34 33
Q 26 27 35 34
Q 27 28 36 35
Q 28 21 29 36
Q 37 38 45 44
Q 38 39 46 45
Q 39 40 47 46
Q 40 41 48 47
Q 41 42 49 48
Q 42 43 50 49
Q 44 45 53 52
Q 45 46 54 53
Q 46 47 55 54
Q 47 48 56 55
Q 48 49 57 56
Q 49 50 58 57
Q 50 51 59 58
Q 51 44 60 59
Q 52 53 62 61
Q 53 54 63 62
Q 54 55 64 63
Q 55 56 65 64
Q 56 57 66 65
Q 57 58 67 66
Q 58 59 68 67
Q 59 52 61 68

Q 69 70 77 76
Q 70 71 78 77
Q 71 72 79 78
Q 72 73 80 79
Q 73 74 81 80
Q 74 75 82 81

Q 76 77 85 84
Q 77 78 86 85
Q 78 79 87 86
Q 79 80 88 87
Q 80 81 89 88
Q 81 82 90 89
Q 82 83 91 90
Q 83 76 84 91

Q 92 93 98 97
Q 93 94 99 98
Q 94 95 100 99
Q 95 96 101 100

Q 97 98 106 105
Q 98 99 107 106
Q 99 100 108 107
Q 100 101 109 108
Q 101 102 110 109
Q 102 103 111 110
Q 103 104 112 111
Q 104 97 105 112

Q 105 106 114 113
Q 106 107 115 114
Q 107 108 116 115
Q 108 109 117 116
Q 109 110 118 117
Q 110 111 119 118
Q 111 112 120 119
Q 112 105 113 120

Q 121 122 128 127
Q 122 123 129 128
Q 123 124 130 129
Q 124 125 131 130
Q 125 126 132 131

Q 127 128 136 135
Q 128 129 137 136
Q 129 130 138 137
Q 130 131 139 138
Q 131 132 140 139
Q 132 133 141 140
Q 133 134 142 141
Q 134 127 135 142

END MESH

SET DIRECTION NE
ADD MESH MAIN ROTATE 180 SCALE 0.5 OFFSET 0.75 0.8 0

SET DIRECTION NW
ADD MESH MAIN ROTATE 270 SCALE 0.5 OFFSET 0.75 0.8 0

SET DIRECTION SW
ADD MESH MAIN SCALE 0.5 OFFSET 0.75 0.8 0

SET DIRECTION SE
ADD MESH MAIN ROTATE 90 SCALE 0.5 OFFSET 0.75 0.8 0

END SHADOW